cmd: ./nested_loops
events: Ir
fl=./csu/../csu/libc-start.c
fn=__libc_start_main@@GLIBC_2.34
128 2
134 3
135 7
138 1
139 2
142 3
143 2
144 11
145 4
242 13
311 3
312 3
337 6
340 2
343 2
350 2
352 2
360 4
fl=./csu/../sysdeps/nptl/libc_start_call_main.h
fn=(below main)
29 9
44 3
46 2
51 2
52 2
55 2
58 6
74 2
fl=./csu/./csu/init-first.c
fn=_init_first
46 6
51 2
55 5
61 1
62 1
63 2
71 2
72 3
fl=./ctype/./ctype/ctype-info.c
fn=__ctype_init
29 1
31 7
33 4
35 4
36 1
fl=./debug/../sysdeps/x86_64/multiarch/ifunc-memmove.h
fn=__memcpy_chk
56 2
57 3
60 3
61 2
74 2
77 2
85 2
93 2
96 5
fn=__memmove_chk
56 2
57 3
60 3
61 2
74 2
77 2
85 2
93 2
96 5
fn=__mempcpy_chk
56 2
57 3
60 3
61 2
74 2
77 2
85 2
93 2
96 5
fl=./debug/../sysdeps/x86_64/multiarch/ifunc-memset.h
fn=__memset_chk
54 5
57 3
58 2
64 2
73 2
75 2
85 2
93 2
96 5
fl=./debug/../sysdeps/x86_64/multiarch/memcpy_chk.c
fn=__memcpy_chk
29 1
fl=./debug/../sysdeps/x86_64/multiarch/memmove_chk.c
fn=__memmove_chk
29 1
fl=./debug/../sysdeps/x86_64/multiarch/mempcpy_chk.c
fn=__mempcpy_chk
29 1
fl=./debug/../sysdeps/x86_64/multiarch/memset_chk.c
fn=__memset_chk
29 1
fl=./elf/../bits/stdlib-bsearch.h
fn=intel_check_word.constprop.0
27 96
28 48
29 744
31 648
32 348
35 264
37 120
fl=./elf/../elf/dl-tls.c
fn=_dl_add_to_slotinfo
1017 27
1023 3
1026 3
1027 3
1031 9
1065 6
1068 6
1069 9
1072 18
fn=_dl_allocate_tls_init
523 11
524 2
528 2
531 1
534 2
537 3
549 1
554 27
560 9
563 9
564 6
570 9
571 6
573 24
576 6
577 6
580 6
581 12
583 6
584 6
593 3
601 6
603 30
609 3
615 2
618 2
621 9
fn=_dl_allocate_tls_storage
365 1
369 1
370 1
371 2
374 1
380 2
417 7
419 1
430 1
431 1
432 2
440 6
441 1
445 305
464 1
470 7
fn=_dl_assign_tls_modid
125 12
128 6
141 3
181 3
183 3
186 3
187 6
fn=_dl_count_modids
192 1
194 2
195 1
210 2
fn=_dl_determine_tlsoffset
216 9
217 1
218 1
219 1
222 4
225 2
259 1
261 25
263 9
265 9
266 6
268 6
270 15
281 3
286 24
288 6
289 3
294 3
301 1
302 7
304 2
354 1
355 8
fn=_dl_tls_static_surplus_init
83 3
97 8
100 6
101 5
102 3
104 4
107 1
109 1
111 3
112 6
fl=./elf/../include/list.h
fn=__tls_init_tp
43 2
44 2
45 1
47 1
fl=./elf/../include/rtld-malloc.h
fn=__minimal_calloc
56 17
fn=_dl_allocate_tls_storage
44 2
56 1
fn=_dl_check_map_versions
44 18
fn=_dl_find_object_init
56 2
fn=_dl_important_hwcaps
56 4
fn=_dl_init_paths
56 5
fn=_dl_map_object_deps
56 12
fn=_dl_new_object
44 18
56 15
fn=do_lookup_x
44 13
fn=fillin_rpath.isra.0
50 2
51 1
56 2
fn=init_tls
44 2
fl=./elf/../include/scratch_buffer.h
fn=_dl_map_object_deps
77 2
78 1
85 3
131 20
fl=./elf/../misc/sbrk.c
fn=sbrk
37 6
40 1
58 2
62 2
78 5
fl=./elf/../nptl/nptl-stack.h
fn=__libc_early_init
61 8
fl=./elf/../sysdeps/generic/_itoa.h
fn=_dl_check_map_versions
76 36
fl=./elf/../sysdeps/generic/dl-cache.h
fn=_dl_load_cache_lookup
125 4
194 1
195 5
fl=./elf/../sysdeps/generic/dl-call_tls_init_tp.h
fn=init_tls
31 8
33 1
fl=./elf/../sysdeps/generic/dl-debug.h
fn=dl_main
29 4
30 1
fl=./elf/../sysdeps/generic/dl-hash.h
fn=__rtld_malloc_init_real
43 1
44 1
45 19
48 18
62 24
67 1
72 1
fl=./elf/../sysdeps/generic/dl-new-hash.h
fn=_dl_lookup_symbol_x
69 1922
70 3844
74 41605
77 83210
80 40645
81 81290
87 962
88 962
89 1924
90 962
99 39683
101 39683
102 79366
104 39683
105 39683
fl=./elf/../sysdeps/generic/dl-protected.h
fn=do_lookup_x
29 7624
fl=./elf/../sysdeps/generic/ldsodefs.h
fn=_dl_relocate_object
79 62
140 10302
fn=_dl_start
79 6
fn=do_lookup_x
139 3812
140 5718
fl=./elf/../sysdeps/nptl/dl-mutex.c
fn=__rtld_mutex_init
30 7
37 1
40 7
44 2
45 9
47 6
51 2
52 7
53 6
fl=./elf/../sysdeps/nptl/dl-tls_init_tp.c
fn=__tls_init_tp
68 5
69 1
72 1
75 4
76 2
77 1
82 2
87 4
90 1
93 3
105 4
121 3
128 2
129 3
fn=__tls_pre_init_tp
53 3
56 10
61 2
62 1
64 1
fn=rtld_mutex_dummy
42 178
44 356
fl=./elf/../sysdeps/nptl/pthread_early_init.h
fn=__libc_early_init
33 6
34 1
38 5
45 2
46 1
48 2
52 5
53 1
54 1
56 1
fl=./elf/../sysdeps/posix/dl-fileid.h
fn=_dl_map_object_from_fd
37 20
40 20
49 60
fl=./elf/../sysdeps/unix/sysv/linux/brk.c
fn=brk
36 1
37 1
38 2
44 1
45 1
fl=./elf/../sysdeps/unix/sysv/linux/brk_call.h
fn=brk
24 2
fl=./elf/../sysdeps/unix/sysv/linux/dl-osinfo.h
fn=dl_main
39 2
52 1
fl=./elf/../sysdeps/unix/sysv/linux/dl-parse_auxv.h
fn=_dl_sysdep_parse_arguments
32 2
33 1
34 1
41 93
42 44
43 44
45 1
46 2
47 2
48 2
49 1
51 2
52 2
53 2
54 2
56 2
fl=./elf/../sysdeps/unix/sysv/linux/dl-sysdep.c
fn=_dl_sysdep_parse_arguments
78 7
79 2
80 2
81 3
82 62
83 127
86 2
90 56
93 5
94 2
95 3
96 6
fn=_dl_sysdep_start
102 6
103 1
106 2
110 2
113 1
115 2
122 3
123 2
125 5
137 3
140 5
143 4
fn=_dl_sysdep_start_cleanup
147 1
148 1
fl=./elf/../sysdeps/unix/sysv/linux/dl-vdso-setup.h
fn=dl_main
30 1
33 1
36 1
39 1
45 1
fl=./elf/../sysdeps/unix/sysv/linux/dl-vdso.h
fn=dl_main
40 2
41 5
55 2
fl=./elf/../sysdeps/unix/sysv/linux/rseq-internal.h
fn=__tls_init_tp
32 3
34 7
37 2
40 1
fl=./elf/../sysdeps/unix/sysv/linux/x86/dl-hwcap2.h
fn=update_active.constprop.0
25 2
fl=./elf/../sysdeps/unix/sysv/linux/x86/dl-minsigstacksize.h
fn=get_common_indices.constprop.0
24 2
27 2
28 2
65 3
72 1
74 1
fl=./elf/../sysdeps/x86/cpu-features.c
fn=get_common_indices.constprop.0
398 3
402 4
405 5
409 1
410 4
411 4
412 4
413 3
414 2
421 2
423 9
428 8
435 2
436 7
442 2
457 3
fn=init_cpu_features.constprop.0
376 3
377 2
378 6
383 2
384 6
389 2
390 7
682 8
685 1
686 1
687 1
690 1
699 3
702 6
703 1
706 2
708 6
713 1
715 3
717 9
721 7
774 3
781 2
799 1
832 2
866 4
869 2
870 1
878 2
885 2
887 2
891 2
897 2
899 1
1001 3
1002 2
1005 2
1006 2
1012 1
1013 1
1014 1
1015 2
1019 4
1022 4
1028 3
1041 2
1042 4
1081 1
1082 2
1086 3
1103 2
1104 2
1106 3
1107 2
1109 3
1110 2
1113 2
1127 4
1129 4
1135 4
1142 8
fn=update_active.constprop.0
72 8
76 1
84 3
85 3
86 1
94 4
95 1
103 4
104 1
109 4
112 4
113 1
116 5
117 2
121 5
122 3
123 3
124 2
128 5
129 5
130 3
132 2
133 4
147 2
151 7
152 4
154 3
158 4
161 1
164 2
166 2
170 1
171 1
178 4
180 5
186 4
188 5
190 4
195 5
244 3
245 3
261 4
277 2
281 2
282 1
285 4
289 2
293 3
294 2
296 1
297 1
300 2
302 1
305 2
356 5
360 3
369 1
370 8
fl=./elf/../sysdeps/x86/dl-cacheinfo.h
fn=get_common_cache_info.constprop.0
571 11
586 1
587 1
588 2
589 1
590 2
596 3
598 7
601 2
613 1
618 3
622 2
627 5
630 24
637 8
640 26
645 2
649 3
650 2
654 2
658 3
661 4
662 1
667 4
673 4
681 6
683 2
685 4
687 12
689 1
690 1
691 9
693 4
696 7
701 1
703 4
704 3
705 1
708 2
711 2
718 1
720 4
721 1
726 2
731 2
732 1
733 2
734 1
759 3
770 5
771 5
775 2
782 1
783 2
784 1
785 7
fn=handle_intel.constprop.0
250 108
255 24
261 12
262 12
267 48
271 24
276 24
279 60
281 24
284 60
286 24
305 96
fn=init_cpu_features.constprop.0
792 1
793 1
795 1
809 2
811 3
812 3
813 3
814 2
817 3
819 3
820 2
822 3
824 3
825 1
827 3
829 3
830 2
832 3
834 3
836 3
838 5
894 2
895 2
896 2
897 2
898 2
899 2
900 1
901 1
902 1
903 1
904 1
905 1
907 1
910 3
924 3
925 7
930 2
931 6
932 2
939 3
959 6
968 2
969 2
974 12
987 5
995 7
997 2
1000 5
1002 2
1005 5
1006 5
1010 6
1011 3
1017 7
1020 11
1021 10
1022 13
1025 10
1027 10
1040 4
1042 2
1043 2
1044 1
1045 1
1046 1
1047 1
fn=intel_check_word.constprop.0
110 648
113 324
119 216
123 48
125 12
129 120
131 144
133 60
135 120
143 120
152 12
155 138
158 99
162 58
164 189
167 120
168 72
169 60
170 48
172 11
174 22
176 12
177 16
178 12
179 20
180 14
181 12
183 8
184 12
187 21
190 2
194 192
202 168
216 48
246 144
fl=./elf/../sysdeps/x86/dl-get-cpu-features.c
fn=__x86_cpu_features
39 3
71 3
fn=_dl_x86_init_cpu_features
37 1
39 3
41 1
fl=./elf/../sysdeps/x86/dl-isa-level.h
fn=_dl_load_cache_lookup
28 24
fl=./elf/../sysdeps/x86/dl-procinfo.h
fn=_dl_load_cache_lookup
39 8
42 28
fl=./elf/../sysdeps/x86/dl-prop.h
fn=_dl_map_object_from_fd
149 20
fn=_dl_process_pt_gnu_property
95 36
102 18
115 18
118 9
252 6
253 3
254 12
255 6
257 36
258 3
260 9
fn=dl_main
36 2
37 24
40 10
49 40
53 33
71 2
149 4
235 4
236 2
fl=./elf/../sysdeps/x86/get-isa-level.h
fn=_dl_hwcaps_subdirs_active
30 4
31 1
32 3
36 3
39 4
40 4
45 4
48 2
51 5
53 4
54 2
55 2
58 4
fn=update_active.constprop.0
28 1
30 4
31 1
32 3
36 3
38 1
39 2
40 4
45 4
47 1
48 2
51 5
53 4
54 2
55 2
57 1
58 4
fl=./elf/../sysdeps/x86_64/dl-cet.c
fn=_dl_cet_check
145 2
157 2
173 1
179 1
275 2
276 1
277 2
282 4
283 3
285 2
293 5
296 1
300 2
301 1
302 2
303 2
304 2
305 2
308 1
310 1
313 2
361 8
363 6
fn=_dl_cet_setup_features
331 1
334 2
350 1
fl=./elf/../sysdeps/x86_64/dl-hwcaps-subdirs.c
fn=_dl_hwcaps_subdirs_active
29 1
38 3
43 1
48 1
52 1
fl=./elf/../sysdeps/x86_64/dl-irel.h
fn=_dl_fixup
32 4
fl=./elf/../sysdeps/x86_64/dl-machine.h
fn=_dl_fixup
234 105
fn=_dl_relocate_object
81 30
87 8
91 6
97 2
108 6
129 4
132 4
134 8
267 6902
274 6902
278 6902
287 27987
290 6921
291 136
292 13740
295 2
296 3
307 2
314 5
317 20706
320 45
323 45
346 8
347 12
352 6
354 4
363 4
393 35
400 51
402 68
406 51
415 34
423 9632
436 7
460 3
464 4
465 4
466 5
467 2
476 136
478 68
479 68
498 3060
499 1020
503 2040
504 2040
514 2224
518 2224
521 3336
522 1112
730 14
734 8
fn=_dl_start
55 1
278 9
287 27
290 6
291 12
317 8
323 2
fn=_dl_sysdep_start
220 1
fl=./elf/../sysdeps/x86_64/dl-runtime.h
fn=_dl_fixup
28 105
fl=./elf/../sysdeps/x86_64/dl-trampoline.h
fn=_dl_runtime_resolve_xsave
71 105
76 105
79 105
81 105
91 105
97 105
98 105
99 105
100 105
101 105
102 105
103 105
107 105
108 105
111 105
112 105
114 105
115 105
116 105
117 105
118 105
119 105
121 105
128 105
129 105
130 105
131 105
136 105
137 105
138 105
140 105
141 105
142 105
143 105
144 105
145 105
146 105
148 105
150 105
154 105
156 105
fl=./elf/../sysdeps/x86_64/tls_get_addr.S
fn=__tls_get_addr
29 2
30 2
31 2
33 2
34 2
35 2
38 2
39 2
43 2
44 2
45 2
46 2
fl=./elf/./dl-find_object.h
fn=_dl_find_object_from_map
95 14
96 14
97 7
103 35
104 203
105 140
107 21
112 7
fl=./elf/./dl-hwcaps.h
fn=_dl_important_hwcaps
43 9
45 7
46 1
77 8
78 8
79 7
fl=./elf/./dl-load.h
fn=_dl_map_object_from_fd
91 40
92 16
93 20
94 16
96 16
fl=./elf/./dl-main.h
fn=dl_main
109 5
fl=./elf/./dl-map-segments.h
fn=_dl_map_object_from_fd
28 15
29 45
81 5
101 5
102 15
105 15
106 10
108 10
125 5
135 120
137 60
139 150
149 80
155 10
156 5
157 15
158 10
160 10
165 10
168 15
176 35
182 10
186 16
189 4
194 20
fl=./elf/./dl-sym-post.h
fn=lookup_malloc_symbol
41 8
53 12
fl=./elf/./dl-tunable-types.h
fn=__GI___tunable_set_val
84 5
fl=./elf/./elf/dl-audit.c
fn=_dl_audit_activity_map
29 7
30 1
31 3
37 6
fn=_dl_audit_activity_nsid
41 3
45 12
46 3
47 15
fn=_dl_audit_objclose
97 7
98 28
fn=_dl_audit_objopen
77 5
78 20
fn=_dl_audit_preinit
118 1
119 4
fl=./elf/./elf/dl-cache.c
fn=_dl_cache_libcmp
357 86
358 523
360 705
362 245
368 20
369 15
370 212
372 212
374 10
380 460
382 460
383 114
386 192
387 192
390 58
fn=_dl_load_cache_lookup
191 76
205 4
208 32
210 40
211 8
213 20
220 88
222 230
223 76
227 114
231 114
232 76
240 18
242 10
245 10
247 30
249 5
259 8
269 12
270 16
286 28
295 8
298 8
301 4
302 12
330 8
346 34
347 22
349 12
403 40
405 8
408 12
411 5
419 5
420 8
423 6
424 1
431 1
432 2
477 9
482 12
485 12
500 8
512 12
513 60
514 16
515 4
516 32
fn=_dl_unload_cache
525 3
526 4
528 2
529 1
533 1
535 2
fl=./elf/./elf/dl-call-libc-early-init.c
fn=_dl_call_libc_early_init
27 7
29 2
33 5
37 2
39 4
40 2
41 3
fl=./elf/./elf/dl-call_fini.c
fn=_dl_call_fini
24 56
28 14
32 7
34 7
35 14
38 10
39 15
42 44
43 6
47 7
48 14
49 15
50 37
fl=./elf/./elf/dl-catch.c
fn=_dl_catch_error
254 12
256 2
257 2
258 2
259 2
261 6
fn=_dl_catch_exception
58 39
59 26
69 26
70 65
204 104
207 26
214 13
228 13
229 26
235 78
237 39
239 52
248 39
fn=_dl_receive_error
58 2
59 1
69 2
70 2
186 7
188 1
192 1
194 1
197 1
198 4
fl=./elf/./elf/dl-debug.c
fn=_dl_debug_initialize
56 3
57 1
59 2
61 2
63 3
64 1
85 3
90 3
91 2
92 1
95 3
96 6
99 2
107 2
fn=_dl_debug_state
116 2
117 2
fn=_dl_debug_update
38 6
40 12
41 6
44 12
48 6
fl=./elf/./elf/dl-deps.c
fn=_dl_map_object_deps
128 3
129 5
130 6
132 3
136 8
143 13
144 20
160 9
161 1
164 1
182 1
183 6
184 1
188 15
190 27
193 7
197 21
198 46
201 20
205 10
208 22
210 20
215 5
216 5
217 10
218 10
219 5
221 631
222 298
228 113
230 12
232 48
233 24
242 12
244 24
249 35
252 5
253 5
254 5
255 10
256 5
257 5
259 20
263 36
264 27
266 411
417 14
419 25
422 10
423 20
429 5
430 25
431 25
434 5
435 10
439 21
441 7
442 32
448 5
449 1
452 4
463 5
465 4
470 5
471 1
472 2
474 25
478 7
483 14
485 21
490 7
494 2
495 3
532 2
533 2
547 9
552 9
553 5
557 1
559 2
560 1
561 3
568 3
571 2
574 8
fn=openaux
61 72
64 132
65 12
68 12
69 36
fl=./elf/./elf/dl-environ.c
fn=_dl_next_ld_env_entry
28 3
29 3
32 190
34 124
35 20
37 2
40 4
42 2
45 60
fl=./elf/./elf/dl-find_object.c
fn=_dl_find_object_init
561 5
564 1
566 2
567 3
579 2
580 3
582 2
585 2
590 1
591 1
594 3
596 2
599 6
601 1
604 4
fn=_dlfo_process_initial
474 8
475 2
477 2
478 4
504 24
505 34
506 14
508 52
511 48
513 36
515 12
516 12
517 24
529 2
531 8
fn=_dlfo_sort_mappings
536 1
537 2
540 24
544 10
545 70
546 75
548 5
549 5
553 20
554 25
555 10
557 1
fl=./elf/./elf/dl-fini.c
fn=_dl_fini
26 11
43 1
46 13
49 2
51 1
54 2
56 5
61 1
63 4
68 18
73 25
75 14
77 14
79 14
80 7
81 7
85 7
87 6
88 6
94 6
103 2
108 41
110 7
112 14
114 28
117 14
122 7
126 5
132 6
134 1
138 2
145 8
fl=./elf/./elf/dl-hwcaps.c
fn=_dl_important_hwcaps
52 16
54 2
55 4
56 2
57 2
77 16
80 16
84 2
86 6
87 2
88 2
100 5
102 3
105 1
108 1
112 5
125 12
127 10
128 4
129 4
130 2
133 3
142 13
143 11
145 8
151 5
155 4
156 3
157 3
161 1
162 2
163 2
172 14
174 2
175 3
185 2
186 3
189 3
193 2
194 2
201 1
202 5
208 2
209 1
213 3
216 9
fl=./elf/./elf/dl-hwcaps_split.c
fn=_dl_hwcaps_split
25 5
26 3
27 1
47 4
fn=_dl_hwcaps_split_masked
26 44
30 24
34 78
35 12
36 24
41 36
42 18
43 12
45 6
51 110
55 5
56 18
57 27
58 24
60 6
62 88
67 12
fl=./elf/./elf/dl-init.c
fn=_dl_init
29 16
35 40
37 41
81 13
82 1
83 1
86 3
89 2
94 4
119 1
120 32
121 14
127 8
fn=call_init.part.0
26 84
43 21
46 21
47 2
51 12
59 18
60 24
63 6
64 12
70 15
72 10
73 117
74 92
76 56
fl=./elf/./elf/dl-load.c
fn=_dl_dst_count
238 108
241 24
244 24
245 12
264 108
fn=_dl_init_paths
706 13
720 4
725 1
727 3
734 3
735 2
739 4
741 4
747 1
748 1
756 8
758 8
759 4
761 5
762 7
763 4
766 13
767 10
768 18
770 32
776 1
777 1
782 1
785 3
787 4
789 3
806 1
808 3
822 2
825 5
827 23
831 2
832 60
833 14
834 28
836 1
837 1
838 2
844 6
847 3
853 1
857 8
fn=_dl_map_object
682 43
685 4
688 6
691 2
692 1
696 20
1967 156
1969 5
1975 26
1976 52
1979 272
1984 357
1986 255
1990 86
1991 129
1994 110
1995 66
1996 110
2010 20
2011 15
2019 15
2034 5
2036 25
2040 16
2042 8
2049 16
2053 4
2054 4
2058 15
2059 5
2073 20
2074 28
2075 4
2084 8
2099 8
2100 64
2106 12
2107 4
2115 4
2129 8
2131 12
2135 12
2137 8
2141 8
2149 8
2172 36
2176 12
2177 4
2194 8
2200 1
2201 4
2202 2
2203 2
2207 9
2210 3
2222 20
2267 10
2268 88
2270 122
fn=_dl_map_object_from_fd
944 70
959 20
989 95
990 40
1008 10
1036 20
1046 10
1053 40
1054 10
1065 10
1066 15
1067 10
1069 15
1070 20
1071 8
1074 17
1075 6
1086 5
1088 5
1090 110
1091 5
1092 5
1093 5
1094 5
1100 210
1101 507
1107 10
1114 13
1115 15
1116 50
1121 2
1122 1
1127 155
1135 100
1136 130
1137 100
1138 20
1139 40
1141 140
1143 40
1156 40
1157 75
1162 20
1163 205
1176 9
1180 12
1181 3
1185 15
1186 6
1189 3
1194 12
1209 10
1210 5
1213 15
1218 35
1228 95
1229 40
1235 10
1245 20
1252 35
1264 5
1268 20
1269 15
1275 14
1276 10
1278 10
1288 15
1307 15
1309 30
1361 15
1362 6
1368 170
1369 280
1375 80
1380 20
1393 10
1395 20
1397 10
1413 10
1417 10
1418 10
1435 10
1436 1
1439 10
1444 10
1449 10
1461 40
1462 12
1463 27
1464 9
1465 5
1471 10
1472 12
1477 6
1484 15
1487 10
1491 15
1492 15
1510 10
1514 35
1515 20
1519 45
fn=_dl_process_pt_gnu_property
868 18
869 12
870 6
876 12
882 30
885 18
886 12
887 12
890 18
891 18
895 6
896 12
900 18
901 9
904 18
907 9
908 36
918 18
920 24
fn=expand_dynamic_string_token
241 6
244 4
385 20
399 4
410 14
fn=fillin_rpath.isra.0
468 17
472 1
474 12
481 2
483 6
487 2
492 3
493 2
500 5
505 2
509 15
510 8
528 4
532 4
534 2
538 1
539 2
540 4
541 1
543 2
549 4
550 14
551 4
553 2
554 3
555 1
561 2
562 1
565 3
571 1
574 8
fn=open_path
1812 44
1813 8
1816 4
1817 4
1819 8
1822 8
1824 88
1827 8
1831 4
1835 24
1842 24
1843 88
1846 24
1851 66
1854 12
1860 18
1863 48
1865 18
1867 6
1872 6
1873 21
1879 9
1881 26
1882 2
1884 3
1891 38
1893 13
1937 32
1941 4
1943 16
1946 12
1960 36
fn=open_verify.constprop.0
1572 132
1604 33
1609 12
1623 55
1625 22
1633 5
1634 15
1639 30
1641 10
1643 10
1645 10
1651 10
1668 74
1749 10
1754 10
1760 20
1766 10
1772 20
1773 20
1777 16
1778 5
1799 99
fl=./elf/./elf/dl-lookup-direct.c
fn=_dl_lookup_direct
32 15
33 9
35 6
36 6
48 9
51 6
53 21
57 9
58 21
59 15
74 39
76 6
78 21
79 6
81 12
84 25
86 12
93 6
115 3
116 27
fl=./elf/./elf/dl-lookup.c
fn=_dl_lookup_symbol_x
772 24986
774 3844
775 7688
778 1922
782 7650
785 3844
787 3844
791 26988
792 32674
797 9610
799 96
816 1922
817 48
820 3844
821 13326
828 1970
856 7624
870 5718
871 2
873 3812
890 7624
892 17298
fn=check_match
70 28695
73 15304
78 16
86 9540
89 4392
93 1908
94 3816
96 3810
115 3810
116 15240
117 9515
118 4
119 4
144 6
146 18
147 12
150 2
151 7
153 3
161 1905
162 15304
fn=do_lookup_x
170 300
171 307
172 940
174 98
175 294
176 530
179 152
180 152
181 82
182 152
183 70
222 492
224 738
226 164
227 82
228 328
230 2694
231 486
234 352
235 176
254 352
257 95
258 285
259 322
262 1377
269 12
272 4
279 298
280 276
281 350
285 20
286 2
287 2
288 4
289 8
300 3
302 2
305 1
306 1
307 2
310 164
311 492
318 328
329 574
331 164
333 246
334 164
347 26908
348 1922
353 1922
354 1922
358 12314
361 12314
365 16164
386 12312
390 12312
396 18468
400 6156
401 6156
404 30780
405 18468
408 6156
409 12312
411 6156
412 5766
413 12312
415 13454
416 24624
419 43092
422 3902
423 5853
424 3902
426 3898
429 24315
431 5739
432 48221
433 3826
436 5739
439 8890
461 15240
470 353
472 2
476 3812
483 10088
487 3747
491 1
499 3648
500 1824
501 1906
518 12753
521 16
522 15376
fl=./elf/./elf/dl-minimal-malloc.c
fn=__minimal_calloc
80 85
84 17
87 17
88 51
fn=__minimal_free
97 3
99 12
fn=__minimal_malloc
36 336
37 126
42 3
43 2
44 2
48 167
51 282
56 12
57 12
59 3
60 24
62 6
64 12
65 9
67 8
70 43
71 46
73 252
fl=./elf/./elf/dl-minimal.c
fn=__rtld_malloc_init_real
76 10
86 2
87 1
89 1
91 6
92 5
93 5
94 4
99 1
100 1
101 1
102 1
103 8
fn=__rtld_malloc_init_stubs
42 1
43 2
44 2
45 2
46 2
47 1
fn=lookup_malloc_symbol
61 36
63 4
64 28
68 28
69 28
71 4
72 24
fn=strsep
239 2
242 4
244 2
245 4
247 2
249 47
251 28
254 56
256 84
264 14
267 1
271 4
fl=./elf/./elf/dl-misc.c
fn=_dl_higher_prime_number
87 2
124 2
125 2
127 26
129 80
130 30
131 6
133 7
145 2
146 2
fn=_dl_name_match_p
68 812
69 464
70 20
72 116
74 458
75 665
80 113
82 96
83 464
fn=_dl_sysdep_read_whole_file
36 11
39 3
40 2
42 6
44 2
47 2
49 8
60 3
63 8
fl=./elf/./elf/dl-object.c
fn=_dl_add_to_namespace_list
31 54
33 18
35 53
38 80
40 5
42 5
45 2
46 18
47 12
48 12
50 12
51 30
fn=_dl_new_object
59 90
62 12
64 2
66 3
67 2
71 6
77 2
80 10
83 26
87 10
92 5
95 12
98 6
99 6
100 12
103 12
104 42
106 6
119 28
123 5
125 1
127 42
130 12
131 12
132 6
136 6
139 40
141 20
149 12
150 6
153 1
155 36
157 20
160 14
164 24
168 35
176 1
179 12
189 24
191 20
195 15
199 10
200 10
208 5
212 5
245 20
250 168
251 168
255 10
256 5
259 5
263 54
fl=./elf/./elf/dl-reloc.c
fn=_dl_relocate_object
170 14076
171 6868
174 23170
175 19444
177 1621
178 6482
182 3626
183 1813
184 1813
186 14510
187 9035
188 3614
190 12788
193 1813
194 12691
196 1621
207 88
208 16
220 14
221 21
224 28
226 21
228 7
229 21
251 35
252 14
253 3
255 14
262 21
301 10279
304 35
328 7
331 14
348 21
350 64
356 42
359 14
363 14
364 42
fl=./elf/./elf/dl-runtime.c
fn=_dl_fixup
46 1155
48 525
49 315
54 105
55 420
56 735
58 210
63 210
67 210
69 105
71 315
75 315
76 420
77 315
84 105
85 315
95 1155
99 525
109 1050
124 420
125 8
133 315
159 315
163 840
fl=./elf/./elf/dl-setup_hash.c
fn=_dl_setup_hash
25 14
28 21
31 21
32 14
33 7
34 7
36 21
37 7
38 21
40 7
41 14
43 7
45 21
50 7
fl=./elf/./elf/dl-sort-maps.c
fn=_dl_sort_maps
140 64
181 2
182 4
183 52
184 28
211 34
216 4
218 2
219 10
221 44
223 14
226 40
244 8
263 8
276 8
283 2
298 26
306 6
310 18
fn=_dl_sort_maps_init
289 4
290 4
291 1
292 3
293 2
fn=dfs_traversal.part.0
135 126
140 70
143 14
145 42
147 186
156 49
171 42
172 14
173 90
fl=./elf/./elf/dl-tunables.c
fn=__GI___tunable_set_val
72 50
82 5
93 40
94 25
97 10
100 35
104 10
111 10
112 10
115 25
116 5
117 5
118 5
153 30
157 15
fn=__GI___tunables_init
42 315
45 62
48 6286
52 124
56 248
128 1
261 10
267 4
281 10168
283 2
287 18414
304 8
fn=__tunable_get_val
387 80
390 474
399 52
400 15
409 31
416 240
418 40
fl=./elf/./elf/dl-tunables.h
fn=__GI___tunable_set_val
141 10
142 10
151 5
fn=__GI___tunables_init
160 1168
161 2896
fl=./elf/./elf/dl-version.c
fn=_dl_check_all_versions
392 7
394 1
396 26
397 7
398 63
401 7
fn=_dl_check_map_versions
36 202
37 53
38 337
56 196
64 147
70 147
86 49
87 98
89 49
94 1917
108 1672
110 49
113 392
120 2361
124 787
155 70
156 7
164 12
170 21
172 35
174 7
175 7
177 14
180 15
184 40
198 7
200 36
208 36
213 36
215 37
217 196
218 344
221 98
224 147
225 5
228 26
231 196
234 147
239 37
243 36
248 7
257 30
260 10
263 551
266 412
270 129
274 18
279 6
280 24
281 18
291 6
294 32
296 12
299 20
301 7
303 36
306 147
308 196
310 245
311 98
312 147
313 147
316 147
321 37
324 36
329 7
334 12
337 10
341 129
343 268
347 129
348 645
349 387
350 129
353 402
357 129
365 10
366 10
367 10
368 4
370 4
372 124
373 60
375 2
376 7
387 63
fl=./elf/./elf/do-rel.h
fn=_dl_relocate_object
49 42
50 42
51 7
53 70
72 8
73 9
80 42
83 3352
85 4448
96 12
97 4
114 36
123 3088
124 2040
126 36
129 40
131 14106
133 17565
134 14052
135 10539
136 14052
138 10539
141 272
142 68
143 68
147 3445
150 10358
151 135
164 24
165 285
166 252
169 204
171 272
172 68
173 136
180 31
182 42
183 12
185 18
193 6
196 18
211 7
fn=_dl_start
49 6
50 4
51 1
53 10
56 4
61 13
63 9
64 6
65 3
fl=./elf/./elf/get-dynamic-info.h
fn=_dl_map_object_from_fd
39 10
43 5
45 567
49 276
51 74
52 37
53 6
54 129
55 109
56 25
59 20
62 20
64 20
68 138
72 20
84 17
85 20
86 20
87 20
88 17
89 19
90 19
91 20
103 40
110 16
115 8
122 8
123 15
129 15
130 6
147 15
152 4
154 4
156 4
158 4
159 4
162 15
164 9
165 6
174 6
175 9
180 6
181 6
184 10
fl=./elf/./elf/libc-dl-profstub.c
fn=_dl_mcount_wrapper_check
36 128
37 384
38 128
fl=./elf/./elf/libc_early_init.c
fn=__libc_early_init
33 9
35 1
38 2
41 2
47 4
49 2
fl=./elf/./elf/rtld.c
fn=_dl_start
85 8
458 2
476 3
477 1
478 2
488 1
494 4
496 2
517 16
543 1
546 2
547 4
563 190
565 1
578 1
585 9
fn=dl_main
85 17
92 12
93 2
101 9
197 2
199 1
224 3
225 5
226 4
296 3
302 1
303 1
837 1
839 1
848 1
850 1
855 1
1115 1
1116 1
1118 1
1122 3
1124 1
1125 1
1140 1
1143 46
1144 117
1148 3
1153 3
1154 9
1163 2
1164 2
1166 1
1173 3
1191 2
1199 8
1200 17
1201 8
1202 1
1204 12
1205 14
1209 8
1210 8
1211 4
1215 12
1243 2
1247 3
1253 28
1254 61
1260 17
1266 4
1269 3
1271 3
1346 13
1351 1
1352 1
1357 1
1373 3
1374 4
1637 10
1639 2
1640 3
1641 2
1642 3
1646 2
1647 2
1672 3
1673 5
1674 3
1675 3
1678 1
1680 1
1681 1
1683 2
1684 2
1688 2
1690 2
1698 4
1705 2
1708 2
1733 4
1735 1
1740 2
1743 4
1744 4
1745 3
1746 1
1747 1
1748 1
1759 2
1760 2
1762 2
1764 1
1765 3
1770 5
1771 5
1773 3
1779 2
1788 2
1792 1
1793 2
1817 2
1823 1
1824 1
1825 1
1829 3
1834 3
1836 1
1838 2
1842 5
1847 2
1863 6
1939 4
1943 19
1944 1
1947 3
1948 1
1949 2
1950 2
1955 3
1965 9
1971 31
1972 18
1975 3
1976 2
1977 1
1979 26
1980 12
1984 2
1990 1
1992 3
1993 2
1995 2
1997 3
1999 3
2000 1
2001 2
2013 2
2014 2
2015 3
2026 5
2027 4
2028 5
2038 2
2039 2
2040 4
2042 2
2047 3
2246 3
2250 3
2256 2
2259 2
2267 2
2279 3
2282 3
2284 3
2285 6
2292 2
2293 30
2295 14
2300 14
2302 16
2304 1
2305 1
2308 7
2310 14
2311 48
2315 20
2316 9
2325 2
2329 4
2331 1
2338 4
2341 2
2345 3
2347 2
2357 1
2362 3
2365 1
2371 1
2372 5
2380 3
2387 1
2390 3
2394 3
2395 1
2396 1
2397 1
2401 1
2406 8
2538 1
2598 1
2600 2
2602 15
2604 2
2606 107
2607 19
2615 13
2640 2
2650 4
2652 2
2653 1
2687 5
2689 2
2690 2
2691 1
2727 5
2749 3
fn=handle_preload_list
183 3
806 1
810 2
811 2
812 1
814 1
816 6
817 3
825 3
869 13
870 3
874 5
877 4
878 3
880 4
881 2
887 1
889 2
891 2
892 1
895 9
fn=init_tls
734 4
736 2
740 3
746 2
749 1
750 1
751 1
755 1
757 1
761 2
762 2
763 18
764 7
765 14
769 9
771 3
773 3
776 2
779 1
786 2
787 2
793 2
797 1
800 5
fn=map_doit
641 6
643 4
644 6
646 3
fn=version_check_doit
674 6
676 6
680 3
fl=./elf/./get-dynamic-info.h
fn=_dl_start
45 75
49 36
51 10
52 5
54 20
55 16
56 5
59 4
62 4
64 4
68 18
72 3
84 4
85 3
86 4
87 4
88 5
89 3
90 4
91 4
103 10
110 3
123 3
129 3
130 3
133 2
134 3
139 5
142 5
fn=dl_main
39 4
43 1
45 115
49 56
51 12
52 6
54 25
55 21
56 5
59 4
62 4
64 4
68 28
72 7
84 3
85 5
86 5
87 5
88 4
89 5
90 5
91 5
103 9
110 3
115 2
122 3
123 4
129 3
147 4
152 2
154 2
156 2
158 2
159 2
162 4
164 3
165 2
174 2
175 3
180 2
181 3
184 3
fl=./elf/./setup-vdso.h
fn=dl_main
24 2
fl=./iconv/./iconv/gconv_simple.c
fn=__gconv_btwoc_ascii
49 128
51 512
54 128
fl=./io/../sysdeps/unix/sysv/linux/access.c
fn=access
25 1
27 7
31 1
fl=./io/../sysdeps/unix/sysv/linux/close_nocancel.c
fn=__GI___close_nocancel
25 6
26 24
27 6
fn=__close_nocancel
25 1
26 4
27 1
fl=./io/../sysdeps/unix/sysv/linux/fstat64.c
fn=fstat
30 7
39 28
72 7
fl=./io/../sysdeps/unix/sysv/linux/fstatat64.c
fn=fstatat
91 6
146 6
160 4
161 11
162 1
fl=./io/../sysdeps/unix/sysv/linux/open64.c
fn=open
30 12
33 3
36 5
37 1
41 9
43 8
fl=./io/../sysdeps/unix/sysv/linux/open64_nocancel.c
fn=__open_nocancel
28 48
31 84
39 102
41 24
fl=./io/../sysdeps/unix/sysv/linux/pread64_nocancel.c
fn=__pread64_nocancel
25 4
26 8
27 2
fl=./io/../sysdeps/unix/sysv/linux/read_nocancel.c
fn=__read_nocancel
25 5
26 20
27 5
fl=./io/../sysdeps/unix/sysv/linux/stat64.c
fn=stat
28 6
29 12
fl=./io/../sysdeps/unix/sysv/linux/write.c
fn=write
25 85
26 510
27 85
fl=./libio/../include/printf_buffer.h
fn=vsnprintf
124 252
127 84
128 84
137 168
fl=./libio/../include/sys/sysmacros.h
fn=_IO_file_doallocate
47 6
fl=./libio/./libio/filedoalloc.c
fn=_IO_file_doallocate
78 11
84 9
86 4
89 2
91 2
94 2
97 4
101 3
102 2
104 4
105 1
106 9
fl=./libio/./libio/fileno.c
fn=fileno
32 21
35 105
42 21
fl=./libio/./libio/fileops.c
fn=_IO_do_write@@GLIBC_2.2.5
424 769
426 451
427 513
434 128
441 256
444 64
449 320
450 320
452 192
453 128
454 64
455 128
456 256
fn=_IO_file_close
1165 1
1168 2
fn=_IO_file_close_it@@GLIBC_2.2.5
128 7
130 3
133 2
134 3
137 1
139 2
142 7
145 3
153 5
154 4
157 2
158 1
159 1
160 1
162 2
163 7
fn=_IO_file_finish@@GLIBC_2.2.5
168 6
169 2
175 3
176 3
fn=_IO_file_fopen@@GLIBC_2.2.5
213 12
222 2
224 12
247 12
281 5
284 2
287 4
288 2
357 12
fn=_IO_file_open
182 12
184 2
185 1
188 2
189 2
191 1
192 6
195 3
205 2
206 1
207 6
fn=_IO_file_overflow@@GLIBC_2.2.5
732 552
733 276
740 343
743 2
745 2
746 6
755 3
764 3
765 1
766 1
767 1
768 1
769 3
771 3
772 5
773 2
775 138
776 46
777 91
778 92
781 138
782 138
783 184
784 168
785 126
787 46
788 391
fn=_IO_file_setbuf@@GLIBC_2.2.5
382 6
383 3
386 1
388 3
390 2
391 3
fn=_IO_file_stat
1147 1
1148 2
fn=_IO_file_sync@@GLIBC_2.2.5
793 371
798 212
800 53
801 106
812 106
816 265
fn=_IO_file_write@@GLIBC_2.2.5
1174 512
1175 128
1176 384
1180 192
1181 192
1182 128
1187 64
1188 64
1190 192
1191 192
1194 384
fn=_IO_file_xsputn@@GLIBC_2.2.5
444 44
446 44
1198 2088
1200 1
1204 928
1205 232
1211 928
1213 926
1214 462
1217 3644
1219 4179
1221 22
1228 3
1229 209
1232 66
1234 462
1236 1155
1237 231
1238 693
1240 462
1244 138
1250 46
1251 115
1253 69
1264 46
1265 4
1267 3
1268 2088
fn=_IO_new_file_init_internal
106 6
110 1
111 1
113 1
114 1
115 3
fl=./libio/./libio/genops.c
fn=_IO_cleanup
776 6
777 10
780 13
784 3
785 36
792 7
794 6
796 4
798 2
800 3
801 1
805 5
807 3
814 3
816 30
817 3
821 7
822 2
842 12
843 2
855 12
fn=_IO_default_finish
54 2
601 6
603 3
609 3
612 3
624 3
fn=_IO_default_setbuf
330 5
332 1
333 1
337 2
452 10
453 5
455 4
457 3
458 2
462 1
466 4
467 1
468 6
fn=_IO_default_xsputn
371 11
373 2
374 4
375 1
379 20
399 42
401 4
404 8
fn=_IO_doallocbuf
343 8
344 2
346 3
347 5
350 6
fn=_IO_flush_all
686 12
687 3
691 6
692 9
695 12
697 3
698 36
700 21
708 33
709 3
713 7
714 2
718 12
fn=_IO_link_in
87 14
88 10
90 2
92 7
93 9
94 1
95 9
97 2
98 1
100 5
101 1
102 6
103 2
106 19
fn=_IO_no_init
563 11
564 1
565 1
566 2
568 1
572 6
579 1
581 1
587 1
588 6
fn=_IO_old_init
531 1
532 2
534 6
539 7
544 1
550 2
555 3
556 2
558 1
fn=_IO_setb
329 22
330 8
332 2
333 2
335 12
338 12
fn=_IO_un_link
53 2
54 4
82 2
fn=_IO_unsave_markers
937 6
939 2
944 3
946 3
fn=__GI__IO_un_link.part.0
52 10
58 6
59 10
60 1
61 13
63 3
65 2
66 3
74 2
76 10
77 1
78 6
79 2
82 9
fn=__overflow
199 210
201 126
203 126
204 84
fl=./libio/./libio/iofclose.c
fn=fclose@@GLIBC_2.2.5
34 8
48 3
49 1
51 13
52 2
53 3
57 4
58 3
71 2
76 7
fl=./libio/./libio/iofflush.c
fn=fflush
32 312
33 104
39 624
40 260
44 260
fl=./libio/./libio/iofopen.c
fn=fopen@@GLIBC_2.2.5
37 2
65 2
67 3
70 2
72 7
73 2
74 2
75 7
85 9
87 7
fl=./libio/./libio/iofwrite.c
fn=fwrite
31 2088
32 464
35 1392
37 3248
38 1159
39 1624
45 928
46 232
49 2088
fl=./libio/./libio/libioP.h
fn=_IO_cleanup
1025 3
1026 2
fn=_IO_default_setbuf
1025 3
1026 2
fn=_IO_default_xsputn
1025 9
1026 8
fn=_IO_do_write@@GLIBC_2.2.5
1025 192
1026 128
fn=_IO_doallocbuf
1025 3
1026 2
fn=_IO_file_close_it@@GLIBC_2.2.5
1025 3
1026 2
fn=_IO_file_doallocate
1025 3
1026 2
fn=_IO_file_xsputn@@GLIBC_2.2.5
1025 69
1026 46
fn=_IO_flush_all
1025 2
fn=__overflow
1025 126
1026 84
fn=fclose@@GLIBC_2.2.5
951 4
952 4
958 2
979 4
980 9
1025 3
1026 2
fn=fflush
979 104
980 416
1025 156
1026 104
fn=fwrite
979 464
980 2088
1025 464
1026 464
fl=./libio/./libio/putc.c
fn=putc
25 378
28 84
29 294
34 210
fl=./libio/./libio/vsnprintf.c
fn=vsnprintf
63 168
66 84
75 252
76 84
87 168
96 336
102 924
104 504
fl=./libio/./libio/vtables.c
fn=check_stdfiles_vtables
545 1
546 4
547 3
548 3
550 1
fl=./locale/./locale/newlocale.c
fn=newlocale
43 15
55 2
56 1
63 2
66 3
73 4
75 1
277 12
fl=./locale/./locale/uselocale.c
fn=uselocale
30 170
31 510
33 340
36 340
37 170
65 510
66 510
68 510
72 510
73 170
fl=./malloc/../string/bits/string_fortified.h
fn=tcache_init.part.0
59 88
fl=./malloc/../sysdeps/unix/sysv/linux/not-cancel.h
fn=ptmalloc_init.part.0
97 6
fl=./malloc/./malloc/arena.c
fn=free
153 283632
fn=malloc
153 189092
264 1
fn=ptmalloc_init.part.0
262 8
267 1
292 2
296 3
300 4
301 4
302 4
303 4
304 4
305 4
306 4
308 4
309 4
310 4
313 4
314 4
316 2
326 8
fl=./malloc/./malloc/malloc.c
fn=_int_free
1792 94726
3163 6
3165 12
3166 3
3167 6
4495 663103
4499 284187
4505 378916
4506 189458
4510 473645
4517 189458
4518 568374
4521 3
4527 9
4547 15
4550 3
4561 189452
4637 189452
4640 189452
4643 189452
4646 189452
4658 473648
fn=_int_free_maybe_consolidate
4770 1041986
4776 189452
4778 364416
4781 273312
4784 455520
4785 388890
4798 730874
fn=_int_free_merge_chunk
1992 284178
4665 757808
4666 94726
4670 568356
4673 189452
4678 284178
4681 189452
4682 189452
4683 189452
4689 189452
4691 91340
4692 91340
4693 91340
4694 365360
4696 182680
4701 284178
4702 663082
4714 189452
4720 189410
4721 6358
4722 6358
4724 91526
4732 94705
4733 378820
4734 189410
4736 94705
4738 189410
4740 284115
4743 94705
4744 94705
4746 284115
4747 94705
4756 21
4757 63
4758 42
fn=_int_malloc
1326 189094
1345 567282
1794 94547
1985 264468
2008 212
2017 2
2552 1422
2553 237
2564 474
2589 948
2590 474
2599 2836
2605 708
2608 711
2669 711
2677 474
2678 159
2691 711
2693 237
2699 1185
2707 474
2709 948
2710 711
2711 52
2712 237
2715 474
2727 555
2728 185
2732 1295
2734 370
2738 370
2742 370
2744 730
2745 1
2746 659
2752 601
2753 306
2755 374
2782 187
2783 1
2795 3
2814 2
2817 2
2818 6
2820 1
2821 6
2833 5
2847 370
2866 370
2873 186
2875 186
2876 930
2877 186
2888 558
2895 370
2896 555
2904 185
2906 185
2911 370
2913 925
2921 711
2922 237
2926 237
2930 1185
2932 237
2933 237
2934 237
2935 1659
2936 474
2938 237
3846 1040017
3882 1
3887 189094
3914 189094
3977 189094
3979 12
3980 4
3982 6
4039 1418270
4040 283635
4058 283639
4059 283641
4060 283641
4069 177058
4070 747192
4072 91485
4073 182970
4074 91485
4076 182970
4077 274455
4079 91485
4080 365940
4082 365940
4084 182970
4085 182970
4087 182970
4098 365940
4127 91485
4128 91485
4132 182970
4161 182970
4163 342
4164 684
4165 171
4169 2379896
4170 226908
4171 91314
4174 182628
4177 47034
4179 188136
4180 94068
4186 164604
4187 41151
4188 123453
4192 17649
4193 15952
4195 2093
4196 6279
4199 5883
4202 11714
4205 104
4206 26
4207 52
4209 26
4210 78
4212 5883
4213 11766
4218 177120
4221 640395
4222 91485
4223 91485
4224 91485
4225 91485
4230 182970
4231 182970
4240 365940
4246 177058
4257 283641
4259 378180
4262 283635
4263 94870
4266 171
4267 1026
4273 342
4278 513
4279 513
4282 684
4291 171
4295 684
4296 342
4299 171
4300 171
4301 171
4302 342
4307 1368
4309 513
4310 171
4313 171
4330 94376
4331 188752
4332 188752
4333 188752
4334 566256
4339 353749
4343 18678
4346 24
4348 4
4349 2
4353 1174916
4355 483202
4357 966404
4361 104256
4364 208512
4366 80500
4367 16100
4368 16100
4373 352624
4376 176312
4378 264468
4381 264468
4384 352624
4394 88156
4399 352624
4400 176312
4403 88156
4404 88156
4405 88156
4408 176312
4410 176312
4412 176312
4415 705248
4417 264468
4418 88156
4421 88156
4443 6220
4444 12440
4446 12440
4449 18660
4451 5983
4452 11966
4453 5983
4454 47864
4456 11966
4459 12308
4460 19173
4461 6391
4466 948
4482 237
4487 1134564
fn=alloc_perturb
1985 19173
1987 6391
fn=free
3359 661808
3363 189088
3371 189088
3373 94544
3375 283632
3392 283632
3398 283632
3401 94544
3402 567264
fn=malloc
1326 189092
1345 472730
3248 4
3294 756368
3301 189092
3311 189092
3313 378184
3316 189092
3318 6
3326 189092
3328 378184
3329 472730
3354 567276
fn=ptmalloc_init.part.0
1946 385
1949 381
1957 1
1958 1
1960 1
3143 2
fn=sysmalloc_mmap_fallback.constprop.0
2008 740
2490 2035
2494 185
2497 555
2498 5
2501 370
2502 370
2505 370
2506 185
2508 1665
2511 370
2515 370
2519 740
2524 185
2526 185
2528 1665
fn=systrim.constprop.0
2957 466668
2966 233334
2968 77778
2969 155556
2970 77778
2974 233334
2975 77778
2978 388890
2980 155556
2987 233334
2988 311112
3020 466668
fn=tcache_init.part.0
3242 4
3251 8
3252 3
3253 2
3261 4
3270 2
3274 3
fn=unlink_chunk.isra.0
1608 365692
1610 914230
1613 365709
1614 365692
1616 731384
1619 182846
1620 182846
1621 913717
1623 170952
1624 256428
1627 170952
1629 40
1630 17
1633 12
1635 3
1636 6
1641 85456
1642 85456
1645 365692
fl=./malloc/./malloc/morecore.c
fn=__glibc_morecore
25 234048
26 156032
27 185
29 78016
30 156032
34 156032
fl=./malloc/./malloc/scratch_buffer_set_array_size.c
fn=__libc_scratch_buffer_set_array_size
30 65
34 5
35 10
45 10
46 5
63 30
fl=./math/../sysdeps/x86_64/fpu/multiarch/e_asin.c
fn=__acos_finite@GLIBC_2.15
35 1
fn=__asin_finite@GLIBC_2.15
27 2
fl=./math/../sysdeps/x86_64/fpu/multiarch/e_atan2.c
fn=__atan2_finite@GLIBC_2.15
26 2
fl=./math/../sysdeps/x86_64/fpu/multiarch/e_exp.c
fn=__exp_finite@GLIBC_2.15
27 2
fl=./math/../sysdeps/x86_64/fpu/multiarch/e_exp2f.c
fn=exp2f@@GLIBC_2.27
27 2
fl=./math/../sysdeps/x86_64/fpu/multiarch/e_expf.c
fn=expf@@GLIBC_2.27
27 2
fl=./math/../sysdeps/x86_64/fpu/multiarch/e_log.c
fn=__log_finite@GLIBC_2.15
27 2
fl=./math/../sysdeps/x86_64/fpu/multiarch/e_log2.c
fn=log2@@GLIBC_2.29
27 2
fl=./math/../sysdeps/x86_64/fpu/multiarch/e_log2f.c
fn=log2f@@GLIBC_2.27
27 2
fl=./math/../sysdeps/x86_64/fpu/multiarch/e_logf.c
fn=logf@@GLIBC_2.27
27 2
fl=./math/../sysdeps/x86_64/fpu/multiarch/e_pow.c
fn=__pow_finite@GLIBC_2.15
27 2
fl=./math/../sysdeps/x86_64/fpu/multiarch/e_powf.c
fn=powf@@GLIBC_2.27
30 1
fl=./math/../sysdeps/x86_64/fpu/multiarch/ifunc-avx-fma4.h
fn=__atan2_finite@GLIBC_2.15
32 5
33 2
fn=__exp_finite@GLIBC_2.15
32 5
33 2
fn=__log_finite@GLIBC_2.15
32 5
33 2
fn=cos
32 5
33 2
fn=sin
32 5
33 2
fl=./math/../sysdeps/x86_64/fpu/multiarch/ifunc-fma.h
fn=__log1p
29 4
30 3
fn=cosf
29 4
30 3
fn=exp2f@@GLIBC_2.27
29 4
30 3
fn=expf@@GLIBC_2.27
29 4
30 3
fn=expm1
29 4
30 3
fn=log2@@GLIBC_2.29
29 4
30 3
fn=log2f@@GLIBC_2.27
29 4
30 3
fn=logf@@GLIBC_2.27
29 4
30 3
fn=powf@@GLIBC_2.27
29 4
30 4
fn=sincosf
29 4
30 3
fn=sinf
29 4
30 3
fl=./math/../sysdeps/x86_64/fpu/multiarch/ifunc-fma4.h
fn=__acos_finite@GLIBC_2.15
31 4
32 2
35 1
fn=__asin_finite@GLIBC_2.15
31 4
32 2
fn=__pow_finite@GLIBC_2.15
31 4
32 2
fn=sincos
31 4
32 2
fl=./math/../sysdeps/x86_64/fpu/multiarch/s_cosf.c
fn=cosf
26 2
fl=./math/../sysdeps/x86_64/fpu/multiarch/s_expm1.c
fn=expm1
26 2
fl=./math/../sysdeps/x86_64/fpu/multiarch/s_fma.c
fn=fma
49 6
fl=./math/../sysdeps/x86_64/fpu/multiarch/s_log1p.c
fn=__log1p
26 2
fl=./math/../sysdeps/x86_64/fpu/multiarch/s_sin.c
fn=cos
34 2
fn=sin
27 2
fl=./math/../sysdeps/x86_64/fpu/multiarch/s_sincos.c
fn=sincos
26 2
fl=./math/../sysdeps/x86_64/fpu/multiarch/s_sincosf.c
fn=sincosf
26 2
fl=./math/../sysdeps/x86_64/fpu/multiarch/s_sinf.c
fn=sinf
26 2
fl=./misc/../sysdeps/unix/syscall-template.S
fn=mprotect
117 35
122 7
fn=munmap
117 5
122 1
fl=./misc/../sysdeps/unix/sysv/linux/brk.c
fn=brk
36 238
37 476
38 476
40 370
41 370
44 53
45 53
fl=./misc/../sysdeps/unix/sysv/linux/brk_call.h
fn=brk
24 476
fl=./misc/../sysdeps/unix/sysv/linux/mmap64.c
fn=mmap
47 1477
50 422
53 1402
58 1266
60 844
fl=./misc/../sysdeps/unix/sysv/linux/setvmaname.c
fn=__set_vma_name
33 1307
35 936
40 14
47 2
48 1
49 1674
fl=./misc/./misc/init-misc.c
fn=__init_misc
30 5
31 6
33 3
37 5
38 3
40 4
fl=./misc/./misc/sbrk.c
fn=sbrk
37 624128
40 156032
43 156032
50 185
58 156032
59 4
62 156032
63 2
66 948
74 711
78 546112
fl=./nptl/../sysdeps/nptl/futex-internal.h
fn=__pthread_once_slow
209 8
fl=./nptl/../sysdeps/unix/sysv/linux/x86/elision-conf.c
fn=__lll_elision_init
92 8
96 5
98 4
100 4
102 4
104 4
107 3
108 1
109 6
fl=./nptl/./nptl/alloca_cutoff.c
fn=__libc_alloca_cutoff
27 84
28 756
35 84
fl=./nptl/./nptl/cleanup_compat.c
fn=_pthread_cleanup_pop@@GLIBC_2.34
40 1
43 2
47 2
49 1
fn=_pthread_cleanup_push@@GLIBC_2.34
25 1
28 1
29 1
30 2
32 1
33 1
fl=./nptl/./nptl/libc-cleanup.c
fn=__libc_cleanup_pop_restore
54 4
55 4
57 8
59 4
60 12
71 4
fn=__libc_cleanup_push_defer
24 4
25 4
27 8
29 8
32 8
46 12
48 4
49 4
fl=./nptl/./nptl/pthread_mutex_conf.c
fn=__pthread_tunables_init
55 8
56 5
58 4
60 4
62 6
fl=./nptl/./nptl/pthread_mutex_lock.c
fn=pthread_mutex_lock@@GLIBC_2.2.5
44 1
45 7
46 1
77 5
80 3
82 1
84 2
88 2
97 2
108 4
112 1
115 2
124 1
130 3
131 2
179 1
182 1
184 1
187 1
190 3
fl=./nptl/./nptl/pthread_mutex_unlock.c
fn=pthread_mutex_unlock@@GLIBC_2.2.5
39 1
40 4
41 1
51 3
52 2
57 2
62 1
65 1
70 1
72 1
74 2
80 4
84 3
87 2
367 4
369 2
fl=./nptl/./nptl/pthread_once.c
fn=__pthread_once_slow
68 11
76 1
80 2
88 2
92 2
101 4
114 13
116 1
118 3
124 1
132 10
fn=pthread_once@@GLIBC_2.34
136 98
139 98
140 196
143 1
144 194
fl=./posix/../malloc/dynarray-skeleton.c
fn=__unregister_atfork
243 5
fl=./posix/../sysdeps/unix/sysv/linux/_exit.c
fn=_Exit
27 2
30 4
fl=./posix/./posix/register-atfork.c
fn=__unregister_atfork
71 10
82 30
83 20
109 20
110 15
fl=./resource/../sysdeps/unix/sysv/linux/getrlimit64.c
fn=getrlimit
38 2
39 7
40 1
fl=./setjmp/../sysdeps/x86_64/bsd-_setjmp.S
fn=_setjmp
28 1
30 1
32 1
fl=./setjmp/../sysdeps/x86_64/setjmp.S
fn=__sigsetjmp
31 14
33 14
42 14
43 28
44 14
48 14
49 14
50 14
51 14
52 14
54 28
56 14
57 14
58 14
60 28
62 14
67 1
68 1
70 13
73 13
74 13
81 13
82 13
85 1
fl=./setjmp/./setjmp/sigjmp.c
fn=__sigjmp_save
28 6
29 1
30 2
34 4
fl=./stdio-common/../include/../locale/localeinfo.h
fn=__printf_fp_l_buffer
331 252
fl=./stdio-common/../include/printf_buffer.h
fn=__printf_fp_buffer_1.isra.0
163 504
fl=./stdio-common/../include/rounding-mode.h
fn=__printf_fp_buffer_1.isra.0
52 252
58 84
fl=./stdio-common/../string/bits/string_fortified.h
fn=__printf_buffer_write
29 252
fl=./stdio-common/../sysdeps/generic/get-rounding-mode.h
fn=__printf_fp_buffer_1.isra.0
94 84
95 588
fl=./stdio-common/../sysdeps/pthread/allocalim.h
fn=__printf_fp_buffer_1.isra.0
27 168
29 420
fl=./stdio-common/./stdio-common/Xprintf_buffer_done.c
fn=__printf_buffer_done
25 84
26 252
31 168
33 1008
40 84
fl=./stdio-common/./stdio-common/Xprintf_buffer_write.c
fn=__printf_buffer_write
27 2016
28 756
31 840
33 420
36 84
37 168
40 252
41 84
44 1512
fl=./stdio-common/./stdio-common/printf-parse.h
fn=__printf_buffer
82 756
fl=./stdio-common/./stdio-common/printf_fp.c
fn=__printf_fp_buffer_1.isra.0
91 2340
93 1332
95 2220
96 2220
127 1332
138 1512
159 672
177 84
187 84
221 168
222 84
226 252
230 1428
234 84
266 420
267 84
268 168
271 1428
272 1344
273 1344
279 84
280 168
311 120
483 168
486 24
496 24
499 72
500 120
501 48
503 24
504 96
506 24
509 288
511 576
621 288
623 1392
625 48
629 120
630 48
631 72
633 48
634 144
636 24
642 24
643 48
644 24
645 96
647 72
655 180
659 180
660 300
661 120
665 252
669 48
674 504
676 168
680 168
686 168
694 84
706 420
707 372
708 48
720 84
721 216
722 300
728 252
731 504
738 252
746 252
759 1428
760 168
763 300
766 780
769 180
771 60
773 360
774 300
775 180
781 48
782 24
783 96
787 84
788 420
789 696
790 3000
792 444
793 444
794 1332
795 888
796 204
805 420
806 336
808 588
809 20
810 100
813 40
818 88
830 84
834 84
835 210
840 252
841 126
842 84
844 84
855 84
924 478
926 4
927 4
931 168
935 252
980 588
983 168
987 420
991 252
994 336
996 672
999 336
1001 252
1003 168
1006 168
1009 252
1022 336
1024 252
1028 252
1030 924
fn=__printf_fp_l_buffer
1099 1596
1102 252
1111 84
1112 168
1115 420
1116 420
1117 252
1122 588
1126 84
1147 924
fn=hack_digit
88 720
91 624
93 432
95 576
96 720
127 144
128 720
fl=./stdio-common/./stdio-common/vfprintf-internal.c
fn=__printf_buffer
263 252
264 252
266 84
600 1260
627 420
631 84
634 84
638 336
642 84
653 252
654 168
655 252
659 168
663 672
683 84
684 84
685 84
686 84
687 84
690 168
691 84
692 84
693 84
694 84
695 84
698 84
699 84
705 1176
709 84
744 168
813 84
814 252
818 168
819 336
834 588
837 504
855 1176
891 168
973 420
976 2856
996 924
997 168
1001 84
1018 84
1024 84
1028 252
1029 168
1031 168
1044 924
fl=./stdlib/../sysdeps/ieee754/dbl-64/dbl2mpn.c
fn=__mpn_extract_double
33 252
35 84
37 252
38 420
47 252
56 252
103 168
107 168
fl=./stdlib/../sysdeps/x86_64/lshift.S
fn=__mpn_lshift
28 84
29 84
30 84
32 84
33 84
34 84
46 84
47 84
48 84
49 84
50 84
51 84
52 84
58 84
59 84
60 84
fl=./stdlib/../sysdeps/x86_64/mul_1.S
fn=__mpn_mul_1
31 612
32 612
35 612
36 612
37 612
38 612
39 612
41 612
42 612
44 612
45 612
46 612
47 612
48 588
50 588
51 588
52 588
53 588
79 24
80 24
81 24
82 24
83 24
84 24
85 24
86 24
87 24
113 24
114 24
115 24
117 24
118 24
119 24
120 24
121 24
122 612
124 612
127 612
fl=./stdlib/../sysdeps/x86_64/rshift.S
fn=__mpn_rshift
28 24
29 24
30 24
31 24
44 24
45 24
61 24
62 24
63 24
64 24
65 24
66 24
67 24
72 24
73 24
74 24
75 24
76 24
fl=./stdlib/./stdlib/cxa_atexit.c
fn=__cxa_atexit
41 24
43 96
44 24
46 24
52 36
53 12
54 12
55 12
56 12
57 48
58 12
67 84
69 72
fn=__new_exitfn
80 60
81 12
86 24
91 76
93 48
94 55
101 1
104 22
122 1
123 1
129 33
130 22
134 1
136 12
137 12
141 60
fl=./stdlib/./stdlib/cxa_finalize.c
fn=__cxa_finalize
30 50
33 35
36 35
40 196
41 132
43 22
45 11
76 11
78 33
81 44
82 33
83 44
87 33
93 35
97 30
105 10
106 20
107 40
fl=./stdlib/./stdlib/cxa_thread_atexit_impl.c
fn=__call_tls_dtors
148 5
149 4
165 4
fl=./stdlib/./stdlib/exit.c
fn=__run_exit_handlers
38 12
40 2
41 2
43 5
54 2
56 2
60 1
64 39
66 24
67 12
69 106
94 2
101 1
102 1
103 1
104 3
107 4
108 3
109 4
113 3
119 3
120 2
126 4
128 2
129 2
131 2
fn=exit
137 3
138 4
fl=./stdlib/./stdlib/getenv.c
fn=getenv
24 9
25 8
28 2
29 251
31 124
32 90
37 9
fl=./stdlib/./stdlib/secure-getenv.c
fn=secure_getenv
28 1
29 5
fl=./string/../include/rtld-malloc.h
fn=strdup
56 12
fl=./string/../string/strcspn.c
fn=strcspn
32 6
33 3
34 2
39 6
40 4
41 4
42 4
44 1
47 9
48 6
51 4
52 4
53 4
54 4
56 3
61 13
62 26
63 26
64 26
65 13
67 78
69 1
70 4
71 3
fl=./string/../string/strstr.c
fn=__GI_strstr
77 12
82 3
84 5
85 2
86 2
161 12
fl=./string/../sysdeps/x86/cacheinfo.c
fn=__x86_cacheinfo
86 1
fl=./string/../sysdeps/x86/cacheinfo.h
fn=__x86_cacheinfo
59 1
62 3
64 3
65 1
71 3
73 3
74 1
78 2
80 2
81 2
82 2
84 2
86 2
fl=./string/../sysdeps/x86_64/multiarch/../multiarch/memcmp-sse2.S
fn=bcmp
59 1
71 1
72 1
94 1
95 1
140 1
141 1
143 1
144 1
146 1
147 1
149 1
150 1
197 1
198 1
199 1
200 1
201 1
202 1
fl=./string/../sysdeps/x86_64/multiarch/../multiarch/memset-vec-unaligned-erms.S
fn=memset
132 12
133 60
138 12
139 12
142 5
143 5
145 1
146 1
147 1
244 4
245 4
257 4
260 4
261 4
273 4
274 4
287 4
288 4
290 4
293 3
296 6
299 93
300 93
301 93
302 93
303 93
304 93
305 93
308 4
309 4
310 4
311 4
316 4
350 7
352 7
353 7
392 7
393 7
395 7
fl=./string/../sysdeps/x86_64/multiarch/../multiarch/strchr-sse2.S
fn=index
32 28
33 28
34 28
35 28
36 28
37 28
38 28
39 28
40 28
41 28
42 28
43 28
44 28
45 28
46 28
47 28
48 28
49 28
50 23
54 23
55 23
56 23
57 23
59 23
63 5
64 5
65 5
66 5
67 5
68 5
69 5
70 5
71 5
72 5
73 5
74 5
75 5
76 5
77 5
78 5
79 5
80 5
81 5
82 5
83 5
84 5
85 5
86 5
138 5
142 5
143 5
144 5
145 5
147 5
fl=./string/../sysdeps/x86_64/multiarch/../multiarch/strcmp-sse2.S
fn=strcmp
98 2334
131 2334
132 2334
134 2334
135 2334
156 2334
157 2334
158 2181
159 2181
160 2074
161 2074
162 2074
163 2074
180 2074
181 2074
182 2074
183 2074
184 2074
185 2074
186 2074
191 22
192 66
201 282
202 282
203 282
204 282
205 282
206 282
207 282
208 282
209 197
210 84
211 84
212 84
214 197
215 197
216 197
217 197
218 197
219 197
229 85
230 85
231 85
233 85
239 85
240 85
241 85
242 85
243 85
248 85
250 77
251 77
252 154
260 78
261 78
264 78
265 78
266 78
267 78
268 78
269 78
275 1
276 1
277 1
280 1
281 1
282 1
283 1
284 1
285 1
290 1
291 1
300 6
301 6
302 6
303 6
304 6
306 6
307 6
308 6
309 6
310 6
311 6
312 6
313 6
316 6
317 6
318 6
324 6
325 6
326 12
330 6
331 6
334 6
335 6
336 6
338 6
339 6
340 6
344 6
345 6
346 6
347 6
348 6
349 6
542 1
543 1
544 1
545 1
546 1
548 1
549 1
550 1
551 1
552 1
553 1
554 1
555 1
559 1
560 1
561 1
567 1
568 1
569 2
573 1
574 1
577 1
578 1
579 1
581 1
582 1
583 1
587 1
588 1
589 1
590 1
591 1
592 1
599 1
600 1
602 1
603 1
605 1
606 1
607 1
609 1
610 1
611 1
615 1
616 1
617 1
618 1
619 1
620 1
661 1
662 1
663 1
664 1
665 1
667 1
668 1
669 1
670 1
671 1
672 1
673 1
780 2
781 2
782 2
783 2
784 2
786 2
787 2
788 2
789 2
790 2
791 2
792 2
793 1
797 1
798 1
799 1
805 1
806 1
807 2
811 1
812 1
815 1
816 1
817 1
819 1
820 1
821 1
825 1
826 1
827 1
828 1
829 1
830 1
899 5
900 5
901 5
902 5
903 5
905 5
906 5
907 5
908 5
909 5
910 5
911 5
912 3
916 3
917 3
918 3
924 3
925 3
926 6
930 3
931 3
934 3
935 3
936 3
938 3
939 3
940 3
944 3
945 3
946 3
947 3
948 3
949 3
956 1
957 1
959 1
960 1
962 1
963 1
964 1
966 1
967 1
968 1
972 1
973 1
974 1
975 1
976 1
977 1
1018 8
1019 8
1020 8
1021 8
1022 8
1024 8
1025 8
1026 8
1027 8
1028 8
1029 8
1030 8
1031 7
1035 7
1036 7
1037 7
1043 7
1044 7
1045 14
1049 8
1050 8
1053 8
1054 8
1055 8
1057 8
1058 8
1059 8
1063 8
1064 8
1065 8
1066 8
1067 8
1068 8
1075 2
1076 2
1078 2
1079 2
1081 2
1082 2
1083 2
1085 2
1086 2
1087 2
1091 2
1092 2
1093 2
1094 2
1095 2
1096 2
1103 1
1104 1
1105 1
1137 11
1138 11
1139 11
1140 11
1141 11
1143 11
1144 11
1145 11
1146 11
1147 11
1148 11
1149 11
1150 4
1154 4
1155 4
1156 4
1162 4
1163 4
1164 8
1168 4
1169 4
1172 4
1173 4
1174 4
1176 4
1177 4
1178 4
1182 4
1183 4
1184 4
1185 4
1186 4
1187 4
1256 16
1257 16
1258 16
1259 16
1260 16
1262 16
1263 16
1264 16
1265 16
1266 16
1267 16
1268 16
1269 6
1273 6
1274 6
1275 6
1281 6
1282 6
1283 12
1287 6
1288 6
1291 6
1292 6
1293 6
1295 6
1296 6
1297 6
1301 6
1302 6
1303 6
1304 6
1305 6
1306 6
1375 25
1376 25
1377 25
1378 25
1379 25
1381 25
1382 25
1383 25
1384 25
1385 25
1386 25
1387 25
1388 11
1392 11
1393 11
1394 11
1400 11
1401 11
1402 22
1406 11
1407 11
1410 11
1411 11
1412 11
1414 11
1415 11
1416 11
1420 11
1421 11
1422 11
1423 11
1424 11
1425 11
1494 22
1495 22
1496 22
1497 22
1498 22
1500 22
1501 22
1502 22
1503 22
1504 22
1505 22
1506 22
1507 8
1511 8
1512 8
1513 8
1519 8
1520 8
1521 16
1525 8
1526 8
1529 8
1530 8
1531 8
1533 8
1534 8
1535 8
1539 8
1540 8
1541 8
1542 8
1543 8
1544 8
1613 29
1614 29
1615 29
1616 29
1617 29
1619 29
1620 29
1621 29
1622 29
1623 29
1624 29
1625 29
1626 5
1630 5
1631 5
1632 5
1638 5
1639 5
1640 10
1644 6
1645 6
1648 6
1649 6
1650 6
1652 6
1653 6
1654 6
1658 6
1659 6
1660 6
1661 6
1662 6
1663 6
1670 3
1671 3
1673 3
1674 3
1676 3
1677 3
1678 3
1680 3
1681 3
1682 3
1686 3
1687 3
1688 3
1689 3
1690 3
1691 3
1698 1
1699 1
1700 1
1732 25
1733 25
1734 25
1735 25
1736 25
1738 25
1739 25
1740 25
1741 25
1742 25
1743 25
1744 25
1745 14
1749 14
1750 14
1751 14
1757 14
1758 14
1759 28
1763 15
1764 15
1767 15
1768 15
1769 15
1771 15
1772 15
1773 15
1777 15
1778 15
1779 15
1780 15
1781 15
1782 15
1789 3
1790 3
1792 3
1793 3
1795 3
1796 3
1797 3
1799 3
1800 3
1801 3
1805 3
1806 3
1807 3
1808 3
1809 3
1810 3
1817 1
1818 1
1819 1
1851 25
1852 25
1853 25
1854 25
1855 25
1857 25
1858 25
1859 25
1860 25
1861 25
1862 25
1863 25
1864 10
1868 10
1869 10
1870 10
1876 10
1877 10
1878 20
1882 11
1883 11
1886 11
1887 11
1888 11
1890 11
1891 11
1892 11
1896 11
1897 11
1898 11
1899 11
1900 11
1901 11
1908 2
1909 2
1911 2
1912 2
1914 2
1915 2
1916 2
1918 2
1919 2
1920 2
1924 2
1925 2
1926 2
1927 2
1928 2
1929 2
1936 1
1937 1
1938 1
1970 21
1971 21
1972 21
1973 21
1974 21
1976 21
1977 21
1978 21
1979 21
1980 21
1981 21
1982 21
1984 3
1988 3
1989 3
1990 3
1996 3
1997 3
1999 6
2003 3
2004 3
2007 3
2008 3
2009 3
2011 3
2012 3
2013 3
2017 3
2018 3
2019 3
2020 3
2021 3
2022 3
2093 156
2095 282
2096 282
2097 282
2098 282
2099 168
2104 2334
2110 2334
2111 2334
2119 2334
2120 2334
fn=strncmp
98 1
125 1
126 1
127 1
128 1
129 1
131 1
132 1
134 1
135 1
156 1
157 1
158 1
159 1
160 1
161 1
162 1
163 1
180 1
181 1
182 1
183 1
184 1
185 1
186 1
2104 1
2107 1
2108 1
2110 1
2111 1
2119 1
2120 1
fl=./string/../sysdeps/x86_64/multiarch/../multiarch/strlen-sse2.S
fn=strlen
57 30
101 30
102 30
103 30
104 30
105 30
106 30
107 30
109 30
111 30
142 29
143 29
144 29
145 29
146 29
147 15
149 15
153 14
154 14
155 14
156 14
157 14
158 14
159 14
160 14
161 14
162 14
163 14
164 14
169 112
173 1
174 14
175 6
190 1
191 1
192 2
243 1
244 1
245 1
246 1
247 1
248 1
249 1
250 1
266 1
268 1
269 14
271 1
272 1
273 1
275 1
fl=./string/../sysdeps/x86_64/multiarch/ifunc-avx2.h
fn=memrchr
38 4
40 3
41 2
42 3
45 2
46 2
49 3
52 6
fn=rindex
38 4
40 3
41 2
42 3
45 2
46 2
49 3
52 6
fn=strchrnul
38 4
40 3
41 2
42 3
45 2
46 2
49 3
52 6
fn=strlen
38 8
40 6
41 4
42 6
45 4
46 4
49 6
52 12
fn=strnlen
38 8
40 6
41 4
42 6
45 4
46 4
49 6
52 12
fl=./string/../sysdeps/x86_64/multiarch/ifunc-evex.h
fn=memchr
37 8
38 6
39 6
42 4
43 4
45 4
51 6
54 8
fl=./string/../sysdeps/x86_64/multiarch/ifunc-memcmp.h
fn=bcmp
34 10
35 4
36 4
37 6
40 4
41 4
44 6
47 8
fl=./string/../sysdeps/x86_64/multiarch/ifunc-memmove.h
fn=memcpy@@GLIBC_2.14
56 4
57 6
60 6
61 4
74 4
77 4
85 4
93 4
96 10
fn=memmove
56 4
57 6
60 6
61 4
74 4
77 4
85 4
93 4
96 10
fn=mempcpy
56 2
57 3
60 3
61 2
74 2
77 2
85 2
93 2
96 5
fl=./string/../sysdeps/x86_64/multiarch/ifunc-memset.h
fn=memset
54 5
57 3
58 2
64 2
73 2
75 2
85 2
93 2
96 5
fl=./string/../sysdeps/x86_64/multiarch/ifunc-sse4_2.h
fn=strcspn
36 5
fn=strpbrk
36 5
fn=strspn
36 5
fl=./string/../sysdeps/x86_64/multiarch/ifunc-strcasecmp.h
fn=strcasecmp
36 4
37 2
38 3
41 2
42 2
45 3
48 5
fn=strcasecmp_l
36 4
37 2
38 3
41 2
42 2
45 3
48 5
fn=strncasecmp
36 4
37 2
38 3
41 2
42 2
45 3
48 5
fn=strncasecmp_l
36 4
37 2
38 3
41 2
42 2
45 3
48 5
fl=./string/../sysdeps/x86_64/multiarch/ifunc-strcpy.h
fn=stpcpy
38 4
39 3
42 2
43 2
46 3
49 3
fn=strcat
38 4
39 3
42 2
43 2
46 3
49 3
fn=strcpy
38 4
39 3
42 2
43 2
46 3
49 3
fl=./string/../sysdeps/x86_64/multiarch/ifunc-strncpy.h
fn=stpncpy
35 5
36 3
39 2
40 2
43 3
46 4
fn=strncpy
35 5
36 3
39 2
40 2
43 3
46 4
fl=./string/../sysdeps/x86_64/multiarch/memchr-avx2.S
fn=__memchr_avx2
61 84
68 84
70 84
73 84
74 84
76 84
77 84
78 84
79 84
82 84
83 84
86 84
87 84
101 84
106 84
113 84
114 84
115 84
116 84
fl=./string/../sysdeps/x86_64/multiarch/memchr.c
fn=memchr
29 4
fl=./string/../sysdeps/x86_64/multiarch/memcmp-avx2-movbe.S
fn=__memcmp_avx2_movbe
73 50
80 50
81 50
84 1
85 1
86 1
90 1
91 1
93 1
94 1
97 1
98 1
99 1
102 1
103 1
106 1
107 1
110 1
111 1
112 1
113 1
114 1
115 1
116 1
117 1
118 1
119 1
122 1
123 1
129 1
130 1
131 1
132 1
136 1
137 1
139 1
140 1
141 1
142 1
145 1
146 1
147 1
148 1
149 1
150 1
152 2
156 39
166 39
167 39
168 39
171 78
401 49
402 49
407 49
408 49
409 49
410 49
411 49
414 49
415 49
416 49
417 49
420 49
421 49
422 10
423 20
fl=./string/../sysdeps/x86_64/multiarch/memcmp.c
fn=bcmp
29 8
fl=./string/../sysdeps/x86_64/multiarch/memcmpeq.c
fn=memcpy@@GLIBC_2.14
29 2
fl=./string/../sysdeps/x86_64/multiarch/memmove-vec-unaligned-erms.S
fn=__memcpy_avx_unaligned_erms
255 94774
256 94774
262 95005
263 95005
265 94502
266 94502
267 94502
270 2
271 2
272 2
275 4
305 503
306 503
308 461
309 461
311 368
315 368
316 84
317 84
318 84
319 84
320 42
321 42
323 84
325 84
331 284
332 284
333 284
334 284
335 284
342 42
343 42
344 42
345 42
347 42
364 93
365 93
366 93
367 93
368 93
386 94500
387 94500
563 94500
570 94500
571 94500
577 16094
580 16094
582 16094
585 16094
586 16094
588 16094
590 580692510
592 16094
594 16094
596 32188
601 94500
602 94500
606 94500
608 94500
611 94500
615 94500
616 94500
620 94500
624 94500
648 78406
650 78406
652 78406
654 78406
657 78406
658 78406
660 2833644806
663 78406
665 78406
667 156812
fn=__mempcpy_avx_unaligned_erms
242 231
243 231
244 231
245 231
fn=memcpy
210 32
211 32
217 59
218 59
220 31
221 31
222 31
224 15
225 15
226 15
228 15
308 28
309 28
311 7
315 7
316 7
317 7
318 1
319 1
323 1
325 7
364 21
365 21
366 21
367 21
368 21
375 15
376 15
377 15
378 15
379 15
380 15
381 15
392 16
393 16
395 15
396 15
397 15
417 1
418 1
422 1
424 1
440 1
443 1
445 1
447 1
451 1
452 1
461 1
462 1
464 1
466 1
467 1
468 1
471 1
473 1
475 1
477 1
483 3
484 3
485 3
486 3
487 3
488 3
489 3
490 3
491 3
492 3
493 3
494 3
496 1
497 1
498 1
499 1
501 1
505 1
fn=mempcpy
197 27
198 27
199 27
200 27
fl=./string/../sysdeps/x86_64/multiarch/memmove.c
fn=memmove
29 2
fl=./string/../sysdeps/x86_64/multiarch/mempcpy.c
fn=mempcpy
33 1
fl=./string/../sysdeps/x86_64/multiarch/memrchr.c
fn=memrchr
29 3
fl=./string/../sysdeps/x86_64/multiarch/memset.c
fn=memset
29 1
fl=./string/../sysdeps/x86_64/multiarch/stpcpy.c
fn=stpcpy
33 3
fl=./string/../sysdeps/x86_64/multiarch/stpncpy.c
fn=stpncpy
31 3
fl=./string/../sysdeps/x86_64/multiarch/strcasecmp.c
fn=strcasecmp
31 3
fl=./string/../sysdeps/x86_64/multiarch/strcasecmp_l.c
fn=strcasecmp_l
31 3
fl=./string/../sysdeps/x86_64/multiarch/strcat.c
fn=strcat
29 3
fl=./string/../sysdeps/x86_64/multiarch/strchr-avx2.S
fn=__strchr_avx2
53 1
55 1
56 1
57 1
58 1
59 1
62 1
63 1
67 1
68 1
69 1
70 1
71 1
72 1
73 1
74 1
77 1
85 1
93 1
94 2
fn=__strchrnul_avx2
53 168
55 168
56 168
57 168
58 168
59 168
62 168
63 168
67 168
68 168
69 168
70 168
71 168
72 168
73 168
74 168
87 168
89 336
fl=./string/../sysdeps/x86_64/multiarch/strchr.c
fn=index
42 4
43 2
44 3
47 2
48 2
51 3
54 3
65 3
fl=./string/../sysdeps/x86_64/multiarch/strchrnul.c
fn=strchrnul
31 3
fl=./string/../sysdeps/x86_64/multiarch/strcmp-avx2.S
fn=__strncmp_avx2
206 15
230 15
235 15
249 15
274 15
275 15
276 15
278 15
279 15
283 13
287 13
289 13
291 13
294 13
296 13
297 13
308 13
318 13
319 13
322 13
326 26
331 13
332 13
333 13
957 2
958 2
959 2
960 2
962 2
965 2
966 2
993 2
994 2
995 2
996 2
997 2
998 2
1000 2
1047 2
1048 2
1051 2
1052 2
1053 2
1056 4
1063 2
1064 2
1065 2
1066 2
1076 2
1077 2
1080 2
1081 2
1082 2
1083 2
1089 2
1091 2
1094 2
1095 2
fl=./string/../sysdeps/x86_64/multiarch/strcmp.c
fn=strcmp
47 4
48 2
49 3
52 2
53 2
56 3
59 3
79 3
fl=./string/../sysdeps/x86_64/multiarch/strcpy.c
fn=strcpy
29 3
fl=./string/../sysdeps/x86_64/multiarch/strcspn.c
fn=strcspn
29 2
fl=./string/../sysdeps/x86_64/multiarch/strlen-avx2.S
fn=__strlen_avx2
52 344
65 344
66 344
67 344
70 344
72 344
73 344
76 344
77 344
85 344
86 344
87 342
92 684
118 2
131 2
132 2
133 2
139 4
221 2
236 2
242 2
243 2
244 2
fl=./string/../sysdeps/x86_64/multiarch/strlen.c
fn=strlen
29 6
fl=./string/../sysdeps/x86_64/multiarch/strncase.c
fn=strncasecmp
31 3
fl=./string/../sysdeps/x86_64/multiarch/strncase_l.c
fn=strncasecmp_l
31 3
fl=./string/../sysdeps/x86_64/multiarch/strncmp.c
fn=strncmp
43 4
44 2
45 3
48 2
49 2
52 3
55 5
67 3
fl=./string/../sysdeps/x86_64/multiarch/strncpy.c
fn=strncpy
29 3
fl=./string/../sysdeps/x86_64/multiarch/strnlen.c
fn=strnlen
31 6
fl=./string/../sysdeps/x86_64/multiarch/strpbrk.c
fn=strpbrk
29 2
fl=./string/../sysdeps/x86_64/multiarch/strrchr-avx2.S
fn=__strrchr_avx2
53 1
54 1
55 1
57 1
58 1
62 1
63 1
64 1
67 1
69 1
70 1
71 1
72 1
75 1
76 1
78 1
79 1
80 1
81 1
82 1
91 2
fl=./string/../sysdeps/x86_64/multiarch/strrchr.c
fn=rindex
28 3
fl=./string/../sysdeps/x86_64/multiarch/strspn.c
fn=strspn
29 2
fl=./string/./string/strdup.c
fn=strdup
40 36
41 12
44 12
47 24
48 18
fl=./time/../sysdeps/unix/sysv/linux/clock_gettime.c
fn=clock_gettime@@GLIBC_2.17
30 84
38 168
40 168
44 168
68 168
69 168
fl=./wcsmbs/../sysdeps/x86_64/multiarch/ifunc-avx2.h
fn=wcschr
38 8
40 6
41 4
42 6
45 4
46 4
49 6
52 12
fn=wcscmp
38 4
40 3
41 2
42 3
45 2
46 2
49 3
52 6
fl=./wcsmbs/../sysdeps/x86_64/multiarch/ifunc-evex.h
fn=wmemchr
37 8
38 6
39 6
42 4
43 4
45 4
51 6
54 8
fl=./wcsmbs/../sysdeps/x86_64/multiarch/ifunc-memcmp.h
fn=wmemcmp
34 5
35 2
36 2
37 3
40 2
41 2
44 3
47 4
fl=./wcsmbs/../sysdeps/x86_64/multiarch/ifunc-wcs.h
fn=wcpncpy
39 4
40 3
41 3
44 2
45 3
48 4
fn=wcscat
39 4
40 3
41 3
44 2
45 3
48 4
fn=wcsncpy
39 4
40 3
41 3
44 2
45 3
48 4
fl=./wcsmbs/../sysdeps/x86_64/multiarch/ifunc-wcslen.h
fn=wcslen
40 4
41 2
42 3
45 2
46 2
49 3
52 3
fn=wcsnlen
40 4
41 2
42 3
45 2
46 2
49 3
52 3
fl=./wcsmbs/../sysdeps/x86_64/multiarch/ifunc-wmemset.h
fn=wmemset
36 10
37 6
fl=./wcsmbs/../sysdeps/x86_64/multiarch/wcpcpy.c
fn=wcpncpy
31 1
fl=./wcsmbs/../sysdeps/x86_64/multiarch/wcpncpy.c
fn=wcpncpy
31 1
fl=./wcsmbs/../sysdeps/x86_64/multiarch/wcscat.c
fn=wcscat
31 2
fn=wcschr
31 2
fl=./wcsmbs/../sysdeps/x86_64/multiarch/wcschr.c
fn=wcschr
31 4
fl=./wcsmbs/../sysdeps/x86_64/multiarch/wcscmp.c
fn=wcscmp
30 3
fl=./wcsmbs/../sysdeps/x86_64/multiarch/wcscpy.c
fn=wcscpy
42 4
43 2
44 3
46 2
47 3
50 3
60 2
fl=./wcsmbs/../sysdeps/x86_64/multiarch/wcslen.c
fn=wcslen
29 3
fl=./wcsmbs/../sysdeps/x86_64/multiarch/wcsncpy.c
fn=wcsncpy
31 2
fl=./wcsmbs/../sysdeps/x86_64/multiarch/wcsnlen.c
fn=wcsnlen
30 3
fl=./wcsmbs/../sysdeps/x86_64/multiarch/wmemchr.c
fn=wmemchr
31 4
fl=./wcsmbs/../sysdeps/x86_64/multiarch/wmemcmp.c
fn=wmemcmp
29 4
fl=./wcsmbs/../sysdeps/x86_64/multiarch/wmemset.c
fn=wmemset
31 4
fl=./wcsmbs/./wcsmbs/btowc.c
fn=btowc
32 2560
37 1792
42 512
46 384
47 256
48 256
52 512
55 1152
94 1792
fl=./wcsmbs/./wcsmbs/wctob.c
fn=wctob
30 1280
39 384
44 256
45 128
79 1152
fl=./wcsmbs/./wcsmbsload.h
fn=btowc
69 128
70 384
fl=./wctype/./wctype/wctype_l.c
fn=wctype_l
26 110
29 20
32 30
33 68
35 174
37 410
40 48
41 96
45 20
46 10
47 80
fl=/home/lphant/Documentos/GitHub/parallel-computing-labs/Cache_memory/cpp/nested_loops.cpp
fn=column_major_access(std::vector<std::vector<double, std::allocator<double> >, std::allocator<std::vector<double, std::allocator<double> > > > const&, int, std::basic_ofstream<char, std::char_traits<char> >&)
24 231
25 42
27 378105
28 1709172500
29 5980450000
33 42
34 231
35 672
37 252
38 147
fn=main
40 8
41 6
42 5
44 109
45 357
48 378105
49 1709172500
50 9397850000
54 126
55 126
56 105
57 63
59 3
60 5
62 1
63 10
fn=row_major_access(std::vector<std::vector<double, std::allocator<double> >, std::allocator<std::vector<double, std::allocator<double> > > > const&, int, std::basic_ofstream<char, std::char_traits<char> >&)
8 231
9 42
11 378105
12 1709172500
13 5980450000
17 42
18 231
19 672
21 483
22 147
fl=/usr/include/c++/13/bits/alloc_traits.h
fn=std::_Vector_base<double, std::allocator<double> >::_M_allocate(unsigned long)
482 756168
fn=std::_Vector_base<double, std::allocator<double> >::_M_deallocate(double*, unsigned long)
517 661647
fn=std::_Vector_base<std::vector<double, std::allocator<double> >, std::allocator<std::vector<double, std::allocator<double> > > >::_M_allocate(unsigned long)
482 168
fn=std::_Vector_base<std::vector<double, std::allocator<double> >, std::allocator<std::vector<double, std::allocator<double> > > >::_M_deallocate(std::vector<double, std::allocator<double> >*, unsigned long)
517 147
fn=std::vector<double, std::allocator<double> >::_S_max_size(std::allocator<double> const&)
574 21
fn=std::vector<double, std::allocator<double> >::vector(std::vector<double, std::allocator<double> > const&)
588 94500
fn=std::vector<double, std::allocator<double> >::~vector()
948 472605
949 94521
fn=std::vector<std::vector<double, std::allocator<double> >, std::allocator<std::vector<double, std::allocator<double> > > >::_S_max_size(std::allocator<std::vector<double, std::allocator<double> > > const&)
574 21
fn=std::vector<std::vector<double, std::allocator<double> >, std::allocator<std::vector<double, std::allocator<double> > > >::~vector()
948 105
949 21
fl=/usr/include/c++/13/bits/allocator.h
fn=main
163 84
184 168
fn=std::_Vector_base<double, std::allocator<double> >::_Vector_impl::_Vector_impl(std::allocator<double> const&)
168 94521
fn=std::_Vector_base<double, std::allocator<double> >::_Vector_impl::~_Vector_impl()
184 378084
fn=std::_Vector_base<std::vector<double, std::allocator<double> >, std::allocator<std::vector<double, std::allocator<double> > > >::_Vector_impl::_Vector_impl(std::allocator<std::vector<double, std::allocator<double> > > const&)
168 21
fn=std::_Vector_base<std::vector<double, std::allocator<double> >, std::allocator<std::vector<double, std::allocator<double> > > >::_Vector_impl::~_Vector_impl()
184 84
fn=std::vector<double, std::allocator<double> >::_S_check_init_len(unsigned long, std::allocator<double> const&)
168 21
184 84
fn=std::vector<double, std::allocator<double> >::vector(std::vector<double, std::allocator<double> > const&)
168 94500
184 378000
fn=std::vector<std::vector<double, std::allocator<double> >, std::allocator<std::vector<double, std::allocator<double> > > >::_S_check_init_len(unsigned long, std::allocator<std::vector<double, std::allocator<double> > > const&)
168 21
184 84
fl=/usr/include/c++/13/bits/chrono.h
fn=std::chrono::duration<double, std::ratio<1l, 1l> > std::chrono::__duration_cast_impl<std::chrono::duration<double, std::ratio<1l, 1l> >, std::ratio<1l, 1000000000l>, double, true, false>::__cast<long, std::ratio<1l, 1000000000l> >(std::chrono::duration<long, std::ratio<1l, 1000000000l> > const&)
208 336
211 252
212 336
213 210
fn=std::chrono::duration<double, std::ratio<1l, 1l> >::count() const
589 504
590 504
fn=std::chrono::duration<double, std::ratio<1l, 1l> >::duration<double, void>(double const&)
573 210
574 294
fn=std::chrono::duration<double, std::ratio<1l, 1l> >::duration<long, std::ratio<1l, 1000000000l>, void>(std::chrono::duration<long, std::ratio<1l, 1000000000l> > const&)
581 378
582 672
fn=std::chrono::duration<long, std::ratio<1l, 1000000000l> >::count() const
589 504
590 504
fn=std::chrono::duration<long, std::ratio<1l, 1000000000l> >::duration<long, void>(long const&)
573 210
574 294
fn=std::chrono::time_point<std::chrono::_V2::system_clock, std::chrono::duration<long, std::ratio<1l, 1000000000l> > >::time_since_epoch() const
949 336
950 336
fn=std::common_type<std::chrono::duration<long, std::ratio<1l, 1000000000l> >, std::chrono::duration<long, std::ratio<1l, 1000000000l> > >::type std::chrono::operator-<long, std::ratio<1l, 1000000000l>, long, std::ratio<1l, 1000000000l> >(std::chrono::duration<long, std::ratio<1l, 1000000000l> > const&, std::chrono::duration<long, std::ratio<1l, 1000000000l> > const&)
710 420
716 924
717 252
fn=std::common_type<std::chrono::duration<long, std::ratio<1l, 1000000000l> >, std::chrono::duration<long, std::ratio<1l, 1000000000l> > >::type std::chrono::operator-<std::chrono::_V2::system_clock, std::chrono::duration<long, std::ratio<1l, 1000000000l> >, std::chrono::duration<long, std::ratio<1l, 1000000000l> > >(std::chrono::time_point<std::chrono::_V2::system_clock, std::chrono::duration<long, std::ratio<1l, 1000000000l> > > const&, std::chrono::time_point<std::chrono::_V2::system_clock, std::chrono::duration<long, std::ratio<1l, 1000000000l> > > const&)
1141 378
1143 756
fn=std::enable_if<std::chrono::__is_duration<std::chrono::duration<double, std::ratio<1l, 1l> > >::value, std::chrono::duration<double, std::ratio<1l, 1l> > >::type std::chrono::duration_cast<std::chrono::duration<double, std::ratio<1l, 1l> >, long, std::ratio<1l, 1000000000l> >(std::chrono::duration<long, std::ratio<1l, 1000000000l> > const&)
273 210
287 126
291 84
fl=/usr/include/c++/13/bits/cpp_type_traits.h
fn=__gnu_cxx::__normal_iterator<double const*, std::vector<double, std::allocator<double> > > std::__miter_base<__gnu_cxx::__normal_iterator<double const*, std::vector<double, std::allocator<double> > > >(__gnu_cxx::__normal_iterator<double const*, std::vector<double, std::allocator<double> > >)
607 756000
608 567000
fl=/usr/include/c++/13/bits/move.h
fn=double* std::__addressof<double>(double&)
51 84
52 63
fn=std::vector<double, std::allocator<double> > const& std::forward<std::vector<double, std::allocator<double> > const&>(std::remove_reference<std::vector<double, std::allocator<double> > const&>::type&)
70 378000
71 283500
fn=std::vector<double, std::allocator<double> >* std::__addressof<std::vector<double, std::allocator<double> > >(std::vector<double, std::allocator<double> >&)
51 756000
52 567000
fl=/usr/include/c++/13/bits/new_allocator.h
fn=main
88 42
fn=std::_Vector_base<double, std::allocator<double> >::_Vector_impl::_Vector_impl(std::allocator<double> const&)
92 94521
fn=std::_Vector_base<std::vector<double, std::allocator<double> >, std::allocator<std::vector<double, std::allocator<double> > > >::_Vector_impl::_Vector_impl(std::allocator<std::vector<double, std::allocator<double> > > const&)
92 21
fn=std::__new_allocator<double>::allocate(unsigned long, void const*)
126 850689
134 661647
151 472605
152 189042
233 94521
fn=std::__new_allocator<double>::deallocate(double*, unsigned long)
156 661647
172 567126
173 189042
fn=std::__new_allocator<double>::~__new_allocator()
104 1323441
fn=std::__new_allocator<std::vector<double, std::allocator<double> > >::allocate(unsigned long, void const*)
126 189
134 147
151 168
152 42
233 21
fn=std::__new_allocator<std::vector<double, std::allocator<double> > >::deallocate(std::vector<double, std::allocator<double> >*, unsigned long)
156 147
172 210
173 42
fn=std::__new_allocator<std::vector<double, std::allocator<double> > >::~__new_allocator()
104 441
fn=std::vector<double, std::allocator<double> >::_S_check_init_len(unsigned long, std::allocator<double> const&)
92 21
fn=std::vector<double, std::allocator<double> >::_S_max_size(std::allocator<double> const&)
183 21
233 21
fn=std::vector<double, std::allocator<double> >::vector(std::vector<double, std::allocator<double> > const&)
92 94500
fn=std::vector<std::vector<double, std::allocator<double> >, std::allocator<std::vector<double, std::allocator<double> > > >::_S_check_init_len(unsigned long, std::allocator<std::vector<double, std::allocator<double> > > const&)
92 21
fn=std::vector<std::vector<double, std::allocator<double> >, std::allocator<std::vector<double, std::allocator<double> > > >::_S_max_size(std::allocator<std::vector<double, std::allocator<double> > > const&)
183 21
233 21
fl=/usr/include/c++/13/bits/stl_algobase.h
fn=__gnu_cxx::__enable_if<std::__is_scalar<double>::__value, void>::__type std::__fill_a1<double*, double>(double*, double*, double const&)
926 126
929 63
930 378000
931 283437
932 84
fn=double* std::__copy_move<false, true, std::random_access_iterator_tag>::__copy_m<double const, double>(double const*, double const*, double*)
433 661500
435 378000
436 472500
437 756000
441 378000
442 189000
fn=double* std::__copy_move_a1<false, double const*, double*>(double const*, double const*, double*)
532 661500
533 756000
fn=double* std::__copy_move_a2<false, double const*, double*>(double const*, double const*, double*)
497 661500
506 567000
507 189000
fn=double* std::__copy_move_a<false, __gnu_cxx::__normal_iterator<double const*, std::vector<double, std::allocator<double> > >, double*>(__gnu_cxx::__normal_iterator<double const*, std::vector<double, std::allocator<double> > >, __gnu_cxx::__normal_iterator<double const*, std::vector<double, std::allocator<double> > >, double*)
538 850500
540 1890000
544 472500
fn=double* std::__fill_n_a<double*, unsigned long, double>(double*, unsigned long, double const&, std::random_access_iterator_tag)
1117 147
1123 42
1128 189
1129 84
1130 42
fn=double* std::__niter_base<double*>(double*)
316 378000
318 283500
fn=double* std::__niter_wrap<double*>(double* const&, double*)
338 472500
339 283500
fn=double* std::copy<__gnu_cxx::__normal_iterator<double const*, std::vector<double, std::allocator<double> > >, double*>(__gnu_cxx::__normal_iterator<double const*, std::vector<double, std::allocator<double> > >, __gnu_cxx::__normal_iterator<double const*, std::vector<double, std::allocator<double> > >, double*)
624 756000
633 1228500
634 283500
fn=double* std::fill_n<double*, unsigned long, double>(double*, unsigned long, double const&)
1152 147
1157 189
1159 42
fn=std::__size_to_integer(unsigned long)
1018 147
fn=unsigned long const& std::min<unsigned long>(unsigned long const&, unsigned long const&)
233 210
238 252
240 42
241 84
fn=void std::__fill_a<double*, double>(double*, double*, double const&)
976 147
977 189
fl=/usr/include/c++/13/bits/stl_construct.h
fn=void std::_Construct<double>(double*)
109 105
119 126
120 63
fn=void std::_Construct<std::vector<double, std::allocator<double> >, std::vector<double, std::allocator<double> > const&>(std::vector<double, std::allocator<double> >*, std::vector<double, std::allocator<double> > const&)
109 945000
119 1134000
120 756000
fn=void std::_Destroy<double*>(double*, double*)
182 567126
196 472605
197 283563
fn=void std::_Destroy<std::vector<double, std::allocator<double> > >(std::vector<double, std::allocator<double> >*)
146 472500
151 283500
153 283500
fn=void std::_Destroy<std::vector<double, std::allocator<double> >*>(std::vector<double, std::allocator<double> >*, std::vector<double, std::allocator<double> >*)
182 126
196 105
197 63
fn=void std::_Destroy_aux<false>::__destroy<std::vector<double, std::allocator<double> >*>(std::vector<double, std::allocator<double> >*, std::vector<double, std::allocator<double> >*)
160 126
162 378084
163 472500
164 84
fn=void std::_Destroy_aux<true>::__destroy<double*>(double*, double*)
172 756168
fl=/usr/include/c++/13/bits/stl_iterator.h
fn=__gnu_cxx::__normal_iterator<double const*, std::vector<double, std::allocator<double> > >::__normal_iterator(double const* const&)
1076 945000
1077 1323000
fn=__gnu_cxx::__normal_iterator<double const*, std::vector<double, std::allocator<double> > >::base() const
1162 756000
1163 567000
fn=double const* std::__niter_base<double const*, std::vector<double, std::allocator<double> > >(__gnu_cxx::__normal_iterator<double const*, std::vector<double, std::allocator<double> > >)
1357 945000
1359 1134000
fl=/usr/include/c++/13/bits/stl_iterator_base_types.h
fn=double* std::fill_n<double*, unsigned long, double>(double*, unsigned long, double const&)
240 21
fl=/usr/include/c++/13/bits/stl_uninitialized.h
fn=double* std::__uninitialized_copy<true>::__uninit_copy<__gnu_cxx::__normal_iterator<double const*, std::vector<double, std::allocator<double> > >, double*>(__gnu_cxx::__normal_iterator<double const*, std::vector<double, std::allocator<double> > >, __gnu_cxx::__normal_iterator<double const*, std::vector<double, std::allocator<double> > >, double*)
145 661500
147 756000
fn=double* std::__uninitialized_copy_a<__gnu_cxx::__normal_iterator<double const*, std::vector<double, std::allocator<double> > >, double*, double>(__gnu_cxx::__normal_iterator<double const*, std::vector<double, std::allocator<double> > >, __gnu_cxx::__normal_iterator<double const*, std::vector<double, std::allocator<double> > >, double*, std::allocator<double>&)
366 756000
373 567000
374 189000
fn=double* std::__uninitialized_default_n<double*, unsigned long>(double*, unsigned long)
696 126
707 21
712 105
713 42
fn=double* std::__uninitialized_default_n_1<true>::__uninit_default_n<double*, unsigned long>(double*, unsigned long)
660 126
662 42
665 84
666 63
667 21
668 168
670 21
671 42
fn=double* std::__uninitialized_default_n_a<double*, unsigned long, double>(double*, unsigned long, std::allocator<double>&)
777 147
779 147
fn=double* std::uninitialized_copy<__gnu_cxx::__normal_iterator<double const*, std::vector<double, std::allocator<double> > >, double*>(__gnu_cxx::__normal_iterator<double const*, std::vector<double, std::allocator<double> > >, __gnu_cxx::__normal_iterator<double const*, std::vector<double, std::allocator<double> > >, double*)
163 661500
174 94500
181 94500
185 567000
186 189000
fn=std::vector<double, std::allocator<double> >* std::__do_uninit_fill_n<std::vector<double, std::allocator<double> >*, unsigned long, std::vector<double, std::allocator<double> > >(std::vector<double, std::allocator<double> >*, unsigned long, std::vector<double, std::allocator<double> > const&)
261 168
263 42
266 378063
267 756000
268 42
275 63
fn=std::vector<double, std::allocator<double> >* std::__uninitialized_fill_n<false>::__uninit_fill_n<std::vector<double, std::allocator<double> >*, unsigned long, std::vector<double, std::allocator<double> > >(std::vector<double, std::allocator<double> >*, unsigned long, std::vector<double, std::allocator<double> > const&)
282 147
284 168
fn=std::vector<double, std::allocator<double> >* std::__uninitialized_fill_n_a<std::vector<double, std::allocator<double> >*, unsigned long, std::vector<double, std::allocator<double> >, std::vector<double, std::allocator<double> > >(std::vector<double, std::allocator<double> >*, unsigned long, std::vector<double, std::allocator<double> > const&, std::allocator<std::vector<double, std::allocator<double> > >&)
465 168
472 126
473 42
fn=std::vector<double, std::allocator<double> >* std::uninitialized_fill_n<std::vector<double, std::allocator<double> >*, unsigned long, std::vector<double, std::allocator<double> > >(std::vector<double, std::allocator<double> >*, unsigned long, std::vector<double, std::allocator<double> > const&)
312 147
319 21
327 126
328 42
fl=/usr/include/c++/13/bits/stl_vector.h
fn=std::_Vector_base<double, std::allocator<double> >::_M_allocate(unsigned long)
378 567126
381 567126
382 189042
fn=std::_Vector_base<double, std::allocator<double> >::_M_create_storage(unsigned long)
396 567126
398 661647
399 378084
400 661647
401 283563
fn=std::_Vector_base<double, std::allocator<double> >::_M_deallocate(double*, unsigned long)
386 661647
389 189042
390 567126
391 283563
fn=std::_Vector_base<double, std::allocator<double> >::_M_get_Tp_allocator()
301 756168
302 567126
fn=std::_Vector_base<double, std::allocator<double> >::_M_get_Tp_allocator() const
306 378000
307 283500
fn=std::_Vector_base<double, std::allocator<double> >::_Vector_base(unsigned long, std::allocator<double> const&)
333 756168
334 472605
335 850689
fn=std::_Vector_base<double, std::allocator<double> >::_Vector_impl::_Vector_impl(std::allocator<double> const&)
146 1323294
147 283563
148 283563
fn=std::_Vector_base<double, std::allocator<double> >::_Vector_impl::~_Vector_impl()
133 945210
fn=std::_Vector_base<double, std::allocator<double> >::_Vector_impl_data::_Vector_impl_data()
99 378084
100 567126
101 283563
fn=std::_Vector_base<double, std::allocator<double> >::~_Vector_base()
367 472605
369 661647
370 661647
371 567126
fn=std::_Vector_base<std::vector<double, std::allocator<double> >, std::allocator<std::vector<double, std::allocator<double> > > >::_M_allocate(unsigned long)
378 126
381 126
382 42
fn=std::_Vector_base<std::vector<double, std::allocator<double> >, std::allocator<std::vector<double, std::allocator<double> > > >::_M_create_storage(unsigned long)
396 126
398 147
399 84
400 210
401 63
fn=std::_Vector_base<std::vector<double, std::allocator<double> >, std::allocator<std::vector<double, std::allocator<double> > > >::_M_deallocate(std::vector<double, std::allocator<double> >*, unsigned long)
386 147
389 42
390 126
391 63
fn=std::_Vector_base<std::vector<double, std::allocator<double> >, std::allocator<std::vector<double, std::allocator<double> > > >::_M_get_Tp_allocator()
301 168
302 126
fn=std::_Vector_base<std::vector<double, std::allocator<double> >, std::allocator<std::vector<double, std::allocator<double> > > >::_Vector_base(unsigned long, std::allocator<std::vector<double, std::allocator<double> > > const&)
333 168
334 105
335 189
fn=std::_Vector_base<std::vector<double, std::allocator<double> >, std::allocator<std::vector<double, std::allocator<double> > > >::_Vector_impl::_Vector_impl(std::allocator<std::vector<double, std::allocator<double> > > const&)
146 294
147 63
148 63
fn=std::_Vector_base<std::vector<double, std::allocator<double> >, std::allocator<std::vector<double, std::allocator<double> > > >::_Vector_impl::~_Vector_impl()
133 210
fn=std::_Vector_base<std::vector<double, std::allocator<double> >, std::allocator<std::vector<double, std::allocator<double> > > >::_Vector_impl_data::_Vector_impl_data()
99 84
100 126
101 63
fn=std::_Vector_base<std::vector<double, std::allocator<double> >, std::allocator<std::vector<double, std::allocator<double> > > >::~_Vector_base()
367 105
369 147
370 168
371 126
fn=std::vector<double, std::allocator<double> >::_M_default_initialize(unsigned long)
1715 126
1717 42
1718 126
1719 84
1720 63
fn=std::vector<double, std::allocator<double> >::_S_check_init_len(unsigned long, std::allocator<double> const&)
1907 336
1909 147
1912 21
1913 126
fn=std::vector<double, std::allocator<double> >::_S_max_size(std::allocator<double> const&)
1916 168
1921 168
1923 21
1924 126
1925 105
fn=std::vector<double, std::allocator<double> >::begin() const
883 756000
884 1039500
fn=std::vector<double, std::allocator<double> >::end() const
903 756000
904 1134000
fn=std::vector<double, std::allocator<double> >::operator[](unsigned long)
1126 2135875000
1129 2135875000
1130 854350000
fn=std::vector<double, std::allocator<double> >::operator[](unsigned long) const
1145 4271750000
1148 4271750000
1149 1708700000
fn=std::vector<double, std::allocator<double> >::size() const
992 378000
993 850500
fn=std::vector<double, std::allocator<double> >::vector(std::vector<double, std::allocator<double> > const&)
601 1134000
603 2268000
605 189000
606 1323000
608 378000
609 945000
fn=std::vector<double, std::allocator<double> >::vector(unsigned long, std::allocator<double> const&)
556 168
557 252
558 189
fn=std::vector<double, std::allocator<double> >::~vector()
733 472605
735 661647
736 283563
738 567126
fn=std::vector<std::vector<double, std::allocator<double> >, std::allocator<std::vector<double, std::allocator<double> > > >::_M_fill_initialize(unsigned long, std::vector<double, std::allocator<double> > const&)
1704 147
1706 42
1707 126
1708 84
1709 63
fn=std::vector<std::vector<double, std::allocator<double> >, std::allocator<std::vector<double, std::allocator<double> > > >::_S_check_init_len(unsigned long, std::allocator<std::vector<double, std::allocator<double> > > const&)
1907 336
1909 147
1912 21
1913 126
fn=std::vector<std::vector<double, std::allocator<double> >, std::allocator<std::vector<double, std::allocator<double> > > >::_S_max_size(std::allocator<std::vector<double, std::allocator<double> > > const&)
1916 168
1921 168
1923 21
1924 126
1925 105
fn=std::vector<std::vector<double, std::allocator<double> >, std::allocator<std::vector<double, std::allocator<double> > > >::operator[](unsigned long)
1126 2135875000
1129 3417400000
1130 854350000
fn=std::vector<std::vector<double, std::allocator<double> >, std::allocator<std::vector<double, std::allocator<double> > > >::operator[](unsigned long) const
1145 4271750000
1148 6834800000
1149 1708700000
fn=std::vector<std::vector<double, std::allocator<double> >, std::allocator<std::vector<double, std::allocator<double> > > >::vector(unsigned long, std::vector<double, std::allocator<double> > const&, std::allocator<std::vector<double, std::allocator<double> > > const&)
569 189
571 252
572 210
fn=std::vector<std::vector<double, std::allocator<double> >, std::allocator<std::vector<double, std::allocator<double> > > >::~vector()
733 105
735 147
736 63
738 126
fl=/usr/include/c++/13/ext/alloc_traits.h
fn=std::vector<double, std::allocator<double> >::vector(std::vector<double, std::allocator<double> > const&)
98 94500
fl=/usr/include/c++/13/new
fn=operator new(unsigned long, void*)
175 756168
fl=???
fn=(below main)
0 12
fn=???
0 1158110
fn=__cpu_indicator_init
0 367
fn=__cxa_get_globals
0 16
fn=__gnu_cxx::stdio_sync_filebuf<char, std::char_traits<char> >::overflow(int)
0 294
fn=__gnu_cxx::stdio_sync_filebuf<char, std::char_traits<char> >::sync()
0 141
fn=__gnu_cxx::stdio_sync_filebuf<char, std::char_traits<char> >::xsputn(char const*, long)
0 1392
fn=__gnu_cxx::stdio_sync_filebuf<wchar_t, std::char_traits<wchar_t> >::sync()
0 15
fn=operator delete(void*)
0 189086
fn=operator delete(void*, unsigned long)
0 189084
fn=operator delete[](void*)
0 2
fn=operator new(unsigned long)
0 1512688
fn=operator new[](unsigned long)
0 2
fn=std::__basic_file<char>::__basic_file(pthread_mutex_t*)
0 4
fn=std::__basic_file<char>::close()
0 33
fn=std::__basic_file<char>::fd()
0 63
fn=std::__basic_file<char>::is_open() const
0 28
fn=std::__basic_file<char>::open(char const*, std::_Ios_Openmode, int)
0 32
fn=std::__basic_file<char>::xsputn(char const*, long)
0 567
fn=std::__basic_file<char>::~__basic_file()
0 6
fn=std::__cxx11::messages<char>::messages(unsigned long)
0 21
fn=std::__cxx11::messages<wchar_t>::messages(unsigned long)
0 21
fn=std::__cxx11::moneypunct<char, false>::_M_initialize_moneypunct(__locale_struct*, char const*)
0 114
fn=std::__cxx11::moneypunct<char, true>::_M_initialize_moneypunct(__locale_struct*, char const*)
0 115
fn=std::__cxx11::moneypunct<wchar_t, false>::_M_initialize_moneypunct(__locale_struct*, char const*)
0 109
fn=std::__cxx11::moneypunct<wchar_t, true>::_M_initialize_moneypunct(__locale_struct*, char const*)
0 109
fn=std::__cxx11::numpunct<char>::_M_initialize_numpunct(__locale_struct*)
0 417
fn=std::__cxx11::numpunct<wchar_t>::_M_initialize_numpunct(__locale_struct*)
0 353
fn=std::__num_base::_S_format_float(std::ios_base const&, char*, char)
0 2520
fn=std::__timepunct<char>::_M_initialize_timepunct(__locale_struct*)
0 132
fn=std::__timepunct<char>::__timepunct(std::__timepunct_cache<char>*, unsigned long)
0 24
fn=std::__timepunct<wchar_t>::_M_initialize_timepunct(__locale_struct*)
0 129
fn=std::__timepunct<wchar_t>::__timepunct(std::__timepunct_cache<wchar_t>*, unsigned long)
0 24
fn=std::basic_filebuf<char, std::char_traits<char> >::_M_allocate_internal_buffer()
0 18
fn=std::basic_filebuf<char, std::char_traits<char> >::_M_convert_to_external(char*, long)
0 798
fn=std::basic_filebuf<char, std::char_traits<char> >::_M_destroy_internal_buffer()
0 24
fn=std::basic_filebuf<char, std::char_traits<char> >::_M_terminate_output()
0 40
fn=std::basic_filebuf<char, std::char_traits<char> >::basic_filebuf()
0 50
fn=std::basic_filebuf<char, std::char_traits<char> >::close()
0 79
fn=std::basic_filebuf<char, std::char_traits<char> >::open(char const*, std::_Ios_Openmode)
0 49
fn=std::basic_filebuf<char, std::char_traits<char> >::overflow(int)
0 1166
fn=std::basic_filebuf<char, std::char_traits<char> >::sync()
0 315
fn=std::basic_filebuf<char, std::char_traits<char> >::xsputn(char const*, long)
0 4138
fn=std::basic_ios<char, std::char_traits<char> >::_M_cache_locale(std::locale const&)
0 192
fn=std::basic_ios<char, std::char_traits<char> >::clear(std::_Ios_Iostate)
0 7
fn=std::basic_ios<char, std::char_traits<char> >::init(std::basic_streambuf<char, std::char_traits<char> >*)
0 144
fn=std::basic_ios<wchar_t, std::char_traits<wchar_t> >::_M_cache_locale(std::locale const&)
0 128
fn=std::basic_ios<wchar_t, std::char_traits<wchar_t> >::init(std::basic_streambuf<wchar_t, std::char_traits<wchar_t> >*)
0 96
fn=std::basic_ofstream<char, std::char_traits<char> >::basic_ofstream(char const*, std::_Ios_Openmode)
0 59
fn=std::basic_ofstream<char, std::char_traits<char> >::close()
0 13
fn=std::basic_ofstream<char, std::char_traits<char> >::~basic_ofstream()
0 34
fn=std::basic_ostream<char, std::char_traits<char> >& std::__ostream_insert<char, std::char_traits<char> >(std::basic_ostream<char, std::char_traits<char> >&, char const*, long)
0 10887
fn=std::basic_ostream<char, std::char_traits<char> >& std::endl<char, std::char_traits<char> >(std::basic_ostream<char, std::char_traits<char> >&)
0 1323
fn=std::basic_ostream<char, std::char_traits<char> >& std::operator<< <std::char_traits<char> >(std::basic_ostream<char, std::char_traits<char> >&, char const*)
0 3820
fn=std::basic_ostream<wchar_t, std::char_traits<wchar_t> >::flush()
0 174
fn=std::basic_ostream<wchar_t, std::char_traits<wchar_t> >::sentry::sentry(std::basic_ostream<wchar_t, std::char_traits<wchar_t> >&)
0 97
fn=std::basic_streambuf<char, std::char_traits<char> >::xsputn(char const*, long)
0 4470
fn=std::chrono::_V2::system_clock::now()
0 1344
fn=std::codecvt<char, char, __mbstate_t>::codecvt(unsigned long)
0 19
fn=std::codecvt<char, char, __mbstate_t>::do_always_noconv() const
0 384
fn=std::codecvt<wchar_t, char, __mbstate_t>::codecvt(unsigned long)
0 19
fn=std::ctype<char>::_M_widen_init() const
0 754
fn=std::ctype<char>::ctype(unsigned short const*, bool, unsigned long)
0 121
fn=std::ctype<wchar_t>::_M_convert_to_wmask(unsigned short) const
0 146
fn=std::ctype<wchar_t>::_M_initialize_ctype()
0 2736
fn=std::ctype<wchar_t>::ctype(unsigned long)
0 21
fn=std::error_category::error_category()
0 10
fn=std::error_category::~error_category()
0 4
fn=std::future_category()
0 3
fn=std::ios_base::Init::Init()
0 272
fn=std::ios_base::Init::~Init()
0 26
fn=std::ios_base::_M_call_callbacks(std::ios_base::event)
0 16
fn=std::ios_base::_M_dispose_callbacks()
0 18
fn=std::ios_base::_M_init()
0 280
fn=std::ios_base::ios_base()
0 540
fn=std::ios_base::~ios_base()
0 21
fn=std::locale::_Impl::_Impl(unsigned long)
0 673
fn=std::locale::_Impl::_M_install_facet(std::locale::id const*, std::locale::facet const*)
0 12192
fn=std::locale::facet::_S_create_c_locale(__locale_struct*&, char const*, __locale_struct*)
0 14
fn=std::locale::facet::_S_get_c_locale()
0 1470
fn=std::locale::facet::_S_get_c_name()
0 21
fn=std::locale::id::_M_id() const
0 2376
fn=std::locale::locale()
0 572
fn=std::locale::locale(std::locale::_Impl*)
0 3
fn=std::locale::operator=(std::locale const&)
0 230
fn=std::locale::~locale()
0 144
fn=std::messages<char>::messages(unsigned long)
0 21
fn=std::messages<wchar_t>::messages(unsigned long)
0 21
fn=std::moneypunct<char, false>::_M_initialize_moneypunct(__locale_struct*, char const*)
0 114
fn=std::moneypunct<char, true>::_M_initialize_moneypunct(__locale_struct*, char const*)
0 115
fn=std::moneypunct<wchar_t, false>::_M_initialize_moneypunct(__locale_struct*, char const*)
0 109
fn=std::moneypunct<wchar_t, true>::_M_initialize_moneypunct(__locale_struct*, char const*)
0 109
fn=std::num_put<char, std::ostreambuf_iterator<char, std::char_traits<char> > >::do_put(std::ostreambuf_iterator<char, std::char_traits<char> >, std::ios_base&, char, double) const
0 336
fn=std::num_put<char, std::ostreambuf_iterator<char, std::char_traits<char> > >::do_put(std::ostreambuf_iterator<char, std::char_traits<char> >, std::ios_base&, char, long) const
0 189
fn=std::numpunct<char>::_M_initialize_numpunct(__locale_struct*)
0 417
fn=std::numpunct<wchar_t>::_M_initialize_numpunct(__locale_struct*)
0 353
fn=std::ostream& std::ostream::_M_insert<double>(double)
0 4872
fn=std::ostream& std::ostream::_M_insert<long>(long)
0 3689
fn=std::ostream::flush()
0 2757
fn=std::ostream::operator<<(double)
0 168
fn=std::ostream::operator<<(int)
0 693
fn=std::ostream::operator<<(std::ostream& (*)(std::ostream&))
0 126
fn=std::ostream::put(char)
0 2709
fn=std::ostream::sentry::sentry(std::ostream&)
0 10305
fn=std::ostreambuf_iterator<char, std::char_traits<char> > std::num_put<char, std::ostreambuf_iterator<char, std::char_traits<char> > >::_M_insert_float<double>(std::ostreambuf_iterator<char, std::char_traits<char> >, std::ios_base&, char, char, double) const
0 12348
fn=std::ostreambuf_iterator<char, std::char_traits<char> > std::num_put<char, std::ostreambuf_iterator<char, std::char_traits<char> > >::_M_insert_int<long>(std::ostreambuf_iterator<char, std::char_traits<char> >, std::ios_base&, char, long) const
0 5796
fn=std::uncaught_exception()
0 18
summary: 64642541149
